2646 
3560 
2394 
2475 
3474 3484 46380 3473 46380 3457 -46380 
1848 1854 46380 1842 46380 1852 -23191 
2795 746 1 491 -1 
1837 
2416 2423 -1 2427 -46378 2417 -46378 
2992 2994 3 3000 3 2999 -1 
3576 3570 46380 3584 -46380 
1277 1272 1 
1518 
1459 1472 46379 
3635 3617 2 
3131 3128 -1 3120 -15460 3127 -15460 
552 
2945 2972 23191 
2383 
2973 2971 46380 2972 23190 
1229 
551 
2571 
2815 
2230 
1608 
3134 
2112 2111 46380 2099 23190 
2760 
3073 3104 46380 
3089 3099 -1 3086 1 3104 1 
3083 
3355 3357 -1 3329 -1 
3624 
652 
559 
1311 
930 45 1 
2907 2909 -1 2908 -23191 
3642 
3260 3264 -2 
556 
2261 1240 1 1465 2 1244 -18552 1109 -46380 1432 -46380 1502 46379 3377 -1 1233 -37104 2614 -2 1234 -37104 3391 -1 1425 46380 1717 46380 1525 1 3384 1 181 2 1245 -1 
2260 
1888 1874 1 1880 1 
3481 
847 838 -46380 
51 1154 1 1314 -23190 64 -2 2146 2 2335 2 
2251 1233 -37104 1432 -46380 1244 -18552 1525 1 1234 -37104 181 2 1425 46380 1245 -1 1502 -2 1465 2 3391 -1 2614 46379 3377 -1 3384 1 1717 46380 1109 -46380 1240 1 
3573 
2904 2909 1 
3690 
3509 
694 
1003 
3059 3068 1 3070 1 
1656 1650 46380 1660 23190 
3566 
2216 
633 
608 604 23190 
230 242 1 241 1 229 1 228 1 
3477 
3224 3229 -46380 
1531 1525 1 1509 1 1508 1 1528 -1 1523 -1 
557 
401 408 1 
724 
2316 
1349 1348 -1 1361 5 1371 5 1347 46380 1372 3 
734 
2791 
600 594 -1 604 -23191 
642 
1199 1044 -46380 
1369 
2710 
729 
1117 513 -1 1245 -1 569 46380 2169 46380 2712 -1 1760 -46380 2705 1 1329 11595 2013 23190 2614 -34787 2351 -1 1145 1 1233 -46380 2044 -23190 2775 -41227 3551 -34786 2034 1 2768 -41227 1116 23190 1745 -1 2771 -38650 1149 -1 1106 -1 3391 11595 1113 1 1876 -1 1850 -46380 1465 1 1341 34786 2033 1 1137 1 1746 -1 531 23191 2001 -23190 
3150 
2457 
2163 1361 -46375 2017 -46380 513 3 1107 1 1745 -2 200 6 2013 23191 3391 11592 1329 11595 1371 6 1811 1 1244 -27828 1876 23189 1234 -9275 22 23192 1233 -9272 1528 23192 1523 1 1116 23191 1372 3 2044 -23191 1509 -2 1121 3 1155 -46378 1907 1 398 -23192 1880 -1 65 -46375 1249 46377 29 46380 2614 -34786 2771 38652 1184 1 1341 34786 1622 -23192 1600 -23189 1746 -2 2145 -1 2169 -2 1339 -23192 1179 -1 1315 -23186 27 -46379 1760 2 1525 23189 83 46378 2166 23189 1250 46380 1793 46379 3551 -11596 1347 -46378 531 23189 78 3 3 46375 963 -3 1245 -3 1330 23192 3484 3 2162 -3 1889 46379 1152 3 1875 23190 1569 -23192 2775 10307 2006 -23192 1145 2 1508 -2 2001 -23191 1596 23192 32 1 569 46380 1267 -46379 1874 -1 1169 -1 2768 10307 1465 2 2161 -3 1533 23189 18 -3 3457 -6 2753 -2 1120 3 1113 2 
1541 1540 46380 1542 -46380 1537 1 
219 224 1 209 -1 
3402 
871 
2502 
3341 
253 241 1 
776 428 1 
1827 
850 849 -1 851 23190 
1418 501 -46380 
111 1807 -1 143 46380 1903 -1 1051 1 1327 -23190 1048 1 1391 46380 1029 -46380 1028 -46380 1711 -1 
562 545 -1 568 46380 569 1 
1939 1947 -2 1944 -2 
2494 
3427 
2658 
397 
515 
2282 
186 
2492 2482 -2 2493 -2 
2521 
3072 3068 23190 
3533 
2938 
1356 
2413 
3504 1679 -46380 1903 -3 1007 1 2437 1 2436 1 1051 3 1047 46380 1711 -3 2351 1 1981 -2 1807 -3 1026 1 2433 -1 1327 23192 1040 46380 47 -1 1980 -1 3493 -3 2111 -1 1048 3 3511 46380 3492 -3 1647 -1 1979 -2 1071 -46380 
858 842 -1 
2784 2771 -30921 2775 -36074 2768 -36074 
2632 
3374 
2844 2835 1 
310 302 -1 
3406 
3478 3473 46380 3457 5 3484 -3 3483 46380 
1494 
2742 
2190 
519 
1882 1876 -1 
1496 1504 1 1499 46380 
2833 2843 -1 2835 -23191 
2095 2111 1 
616 
1653 
3025 3037 1 
1501 1499 46380 1504 1 
550 
2609 2616 1 2614 -46380 
2365 2363 -1 2355 -23191 
821 
1090 1250 -1 49 1 1233 1 1245 -1 1698 1 56 -1 1282 -1 
1294 
2662 
3191 3184 46380 3187 -23192 
214 
1860 1874 -3 1880 46378 1875 -1 1876 -1 1861 -1 
3124 
486 266 1 
982 3086 1 1582 1 398 -46380 302 1 
1511 
3284 
510 2058 -46380 
1972 
2347 
3441 3448 -46380 
2381 
3683 
1606 
3482 
3454 
2318 
429 936 1 
2912 2908 23190 
899 
1879 1872 46380 1880 -46378 1874 3 
2877 2865 -46380 
1366 
1636 1637 -1 1660 23191 
3664 3671 46380 3676 -23192 
1157 1316 23189 569 -1 200 -6 1533 -23192 1156 -1 115 1 1874 -1 1880 -1 1339 23189 147 1 1155 46377 1107 1 1313 1 1889 -2 2771 -15460 3551 23191 1377 46379 2044 1 1169 -1 1793 -2 1465 -46379 2017 -2 1250 1 4 -46379 1525 -23192 83 -46377 2013 -1 1569 23189 1331 23190 1600 23192 963 -23183 360 -2 22 -23189 2705 -2 39 -2 2849 -6 2753 46379 1341 23190 3391 -1 2614 1 354 2 129 46379 2775 -41228 322 2 2740 23192 1113 -46379 1233 -8 3484 -46375 1811 1 1317 23189 5 -46379 2169 46379 398 -23192 1347 46375 1596 -23189 2768 -41228 65 46373 2712 2 1267 3 1245 8 1329 -1 1876 -23192 3457 46369 1907 1 2001 1 2166 -23192 1007 -2 29 2 78 23183 27 2 1116 -1 1875 -23191 1282 2 1508 -2 1179 -1 1395 1 1523 1 1760 -46379 1745 46379 1622 23189 1315 46375 3 -46373 2006 23189 1249 -6 2867 -46378 1145 -46379 1528 -23189 1746 46379 423 2 1509 -2 97 46379 
3160 3163 -1 3155 23190 
3213 
2574 
1192 436 -46380 
1011 993 2 
3255 3264 3 3248 46380 
2976 2972 -23191 
1279 
2242 
2823 
1239 1233 -18553 1244 -9278 1234 -18553 1232 46380 
830 
235 
693 
2504 
2873 
638 
2858 
3524 3551 -11595 3525 46380 3548 -23190 
2528 2512 30921 2519 30921 
349 352 1 338 46380 
2860 
1247 
1751 1081 -46380 1760 3 1744 46380 1689 -46380 1337 -23189 2169 -3 
2977 2996 -1 2994 -1 3000 -1 
1278 
2464 2437 -1 2436 -1 
182 
1871 
3112 
2720 2689 46380 
3673 
3539 3551 1 3548 1 
1370 
1957 1979 -1 1956 46380 1981 -1 
1567 1549 -1 
250 
736 723 -23191 
218 
3164 3155 1 
3267 
1456 1472 3 1463 -1 
3365 3364 -1 3391 -11596 3379 -23190 
1631 
2654 
1877 
1264 1271 -1 1249 -3 
2645 
3110 
2438 
1099 765 -1 753 1 2027 1 
2839 2832 46380 2835 -23192 
2754 2771 -30920 2775 -36074 2768 -36074 2753 46380 
2893 
3034 
2 1233 46380 33 -46380 2614 1 1007 -1 2712 1 39 -1 1245 1 2436 -1 423 1 64 -46380 2433 1 2335 46379 2771 -15461 354 1 1314 -23190 322 1 2775 -10307 360 -1 1282 1 2705 -1 2146 46380 2753 1 1250 -46380 2768 -10307 2437 -1 
2623 
2950 
3446 
3651 
2986 
924 897 -46379 
3485 3473 -46380 
2997 
2224 2231 -1 2227 23189 
1219 1233 1 1245 -1 
1638 
327 322 -1 
2769 2775 -30921 2768 -30921 2771 -1 2770 -1 
855 851 -23192 848 46380 
3528 
3682 
2532 2544 15460 2533 -1 2551 15460 
239 
1644 
2552 2545 1 
630 
706 
3239 
846 
3435 
2818 
2805 
2387 2369 2 
3220 
1870 
3325 3313 1 
2407 
2625 2656 46380 
170 181 1 
2726 
3597 
2460 2436 2 2437 2 
328 
3136 3127 -15460 3120 -15460 
2340 2341 -1 2355 23191 
3129 
2701 
194 
1258 
1613 
1554 1560 -1 1537 46380 
30 1622 -3 993 3 1024 3 2174 46378 1944 3 2049 -46380 2080 -46378 2067 -46380 1182 46380 1949 -3 
722 723 -23191 733 46380 
3468 
2587 2577 46380 2561 -1 
1443 
711 
1817 1040 1 1113 1 1048 -3 3551 -46380 1981 2 1807 -46378 2437 -1 569 46380 2169 46380 2351 -1 2111 -46380 1145 2 1745 -1 1876 -1 1327 -23192 1755 -46380 1071 -1 1711 3 1913 46380 1026 -1 2436 -1 2433 1 1647 1 1679 -1 1903 -46378 1007 -1 1980 1 1051 46378 1746 -2 1465 1 47 1 1047 1 1760 -46380 1979 2 
958 2061 -46380 
1657 
3111 
3328 3323 1 3313 1 
826 
1293 
2266 
2579 2561 2 
2440 
2028 302 -1 622 -1 569 1 1738 -1 797 1 785 -1 1024 1 505 1 993 1 1100 1 
3691 
185 
2091 
2987 
822 
2779 2771 -15461 2775 -41228 2770 1 2768 -41228 
2875 2849 1 2867 -1 2865 -1 
1056 1979 2 1981 2 1903 -1 1647 1 1980 1 2159 1 2111 1 1807 -1 1711 46380 1051 1 1048 -46380 
3594 
3046 
2090 
2862 
2804 
643 
2263 2259 -23192 2256 -1 
1413 1409 1 1397 1 1412 -1 149 1 117 1 21 -1 
3361 3391 -11596 3379 23191 
2678 
2302 
276 1542 1 1190 -46380 
2617 
637 627 23190 626 46380 
3130 
831 
2837 
520 
2448 2437 -3 2436 -3 2455 46380 
2412 
3636 
825 569 46380 505 46380 1738 -46380 
1254 
2790 
1474 
548 569 46380 545 1 549 -1 
2668 
674 
2463 
2861 
840 
2252 
2669 
2714 
125 65 46375 1361 -2 1317 -23191 1347 46377 3457 -2 1121 -1 1250 -46380 129 -1 1874 -1 29 1 1125 -46380 78 -23195 2705 -1 146 46380 513 -1 531 23191 2771 -30921 3484 1 1377 -1 1315 23186 200 -5 1155 46378 1233 46376 2614 23191 157 -1 354 1 1372 -1 1875 23190 1124 -46380 114 46380 2768 -20614 5 1 97 -1 1245 5 2021 1 963 23195 1394 46380 1371 -2 2775 -20614 423 1 4 1 2430 1 2017 -1 2712 1 2020 1 1405 -1 83 -46378 1007 -1 3 -46375 39 -1 1316 -23191 322 1 360 -1 1313 23191 1282 1 1876 23190 1880 -1 18 1 
2384 2391 -1 2369 -3 
1994 481 -2 508 1 513 -2 586 2 10 2 531 1 569 -2 1322 -23191 
3042 
1012 
2485 
2560 2544 -15460 2551 -15460 
3606 
1517 
1621 1622 -1 
902 904 46380 
2618 
2627 
2688 2680 1 2683 1 
1431 21 3 3391 1 1685 1 3384 -1 3276 -1 1077 1 1424 -1 1409 -3 3377 1 
3196 3187 -46380 
1527 1523 -15461 1528 -1 1533 1 1508 -15462 1509 -15462 1525 1 1520 -1 
2032 2017 -3 2039 46380 24 -3 29 3 1712 -46380 1080 46380 1697 3 1719 -46380 1693 -46380 1085 -46380 1688 46380 
2113 1533 -1 2015 -1 3580 1 888 -46380 1523 15461 3591 -1 1887 46380 3551 46380 3391 -1 1528 1 2140 1 2144 1 1508 15459 893 46380 2175 -1 3584 2 1509 15459 31 -46380 1525 -1 2111 -1 
2814 
1948 1947 46379 1944 46379 
3022 
698 
2250 
2968 2971 -1 2972 23190 
2934 
2476 
1884 1875 1 1887 46380 1876 1 
3385 
995 
1428 1205 1 
2667 
2192 2204 -23192 2199 46380 
2715 2712 -1 2689 -1 
3469 
1564 1537 -46379 
3569 3570 -1 3584 1 
824 818 -1 819 -23191 
2671 
163 
3360 3329 -1 
2248 
2567 
666 
3390 
578 
874 
3041 3068 23191 
3287 3280 -1 3265 -3 
3692 
2108 2099 -46380 
1964 
2308 2333 46380 2322 46380 2309 46380 
1088 1533 -11596 78 34786 704 -46380 1600 11595 1692 -23191 683 11596 1981 -1 407 46380 1569 34786 888 -46380 2145 3 2006 34786 2740 -11595 2167 1 3391 -23191 1525 34785 2166 -11595 1596 -34786 28 -23192 963 -34786 3484 23190 1528 11596 1980 -23191 2111 46380 1696 -1 3384 -23190 700 23191 398 -11595 32 -3 893 46380 22 -34786 2000 23191 1523 23191 2007 23191 1985 23192 412 23189 1328 11595 1887 -23191 2160 1 1084 -23191 3457 -46380 3377 23190 400 46380 1509 -1 1508 -1 1313 34785 1622 34786 1335 11595 1979 -1 
2588 2561 2 
442 1768 -46380 
1826 
892 865 2 
2291 2295 30920 2288 30920 
730 
3245 
2474 
2737 2749 1 
2307 
2984 
3316 
2188 
2432 2417 -46380 2427 -46380 
1832 
1988 1282 2 2614 23192 963 -23186 3457 46379 156 -46380 124 -46380 1404 -46380 78 23186 28 46380 1131 -2 1250 -46379 2705 -2 3584 2 354 2 1995 46380 765 2 1317 23190 1989 46380 1316 23190 4 -46379 1875 -23190 1979 2 360 -2 754 2 1372 -1 1361 46379 1347 46377 1007 -2 423 2 1880 1 5 -46379 1874 1 2775 -15461 1245 6 3 -46375 1887 46380 322 2 2768 -15461 1315 23186 39 -2 2771 -1 1371 -2 2027 -2 764 -46380 1876 -23190 3580 1 3484 -46380 1323 23191 2712 2 1313 -23190 1980 1 200 -4 1981 2 1233 46375 1985 -46380 1377 46379 97 46379 1155 46378 129 46379 65 46375 83 -46378 
514 
3494 
2548 
2911 
1707 1244 18552 1465 -2 765 -1 3384 -1 1425 1 1525 -1 181 -2 1109 -1 760 -46380 1240 -1 2614 2 1502 2 1432 -1 1234 37104 3377 1 2027 1 3391 1 1245 1 1233 37104 1717 1 
3356 3329 2 
178 187 1 
1503 
910 
3219 3228 1 
2989 
394 
2610 2619 1 
641 668 23191 
1016 993 -1 1019 -1 
999 1007 -1 
2554 
3226 
1354 
3216 3228 23189 3223 -1 
2518 
2109 2104 -46380 2105 -1 
1276 1250 -1 1267 1 
84 1187 1 
1263 
2606 
2406 
3653 3676 -23190 3652 46380 
2201 
561 568 1 
1493 1502 -1 
2447 2436 -1 2437 -1 2433 1 
2403 
1492 
1818 1779 30921 1914 46380 1114 -1 1850 1 1502 1 26 -30921 586 -1 1178 -30921 1787 -46380 1777 1 1761 30921 1876 -1 
3589 3588 46380 3603 23191 
3171 
1018 
1965 
2744 2749 1 
309 302 1 
1561 
2563 
1559 1549 1 1552 -1 1537 46378 
1180 398 46378 2867 -46380 2001 2 3 -16 2013 1 531 -3 1148 46378 1889 46377 3391 -5 2771 3 1875 -23191 1179 -2 2740 23191 1339 -3 1596 3 1523 2 2166 46378 1745 46377 1508 -4 1874 -1 1533 -3 1509 -4 1361 -46373 1155 8 2003 -46380 1341 23191 1113 -46377 3551 -1 1465 -46377 1880 46380 78 -46372 1245 -10 1267 -46376 2006 -3 3457 -12 1760 -46377 1985 -46380 963 46372 200 16 569 -2 2849 46379 1371 8 22 3 1811 2 1121 -46375 2768 15461 18 46375 1331 -23191 1169 -2 2614 23189 1313 -23191 1145 -46377 1250 -3 1116 -2 3484 6 1347 10 1600 -46378 65 16 1107 2 2169 46377 1234 37106 1569 -3 1622 -3 1746 46377 29 -2 1372 -46377 1315 12 2044 -1 1907 2 1244 18553 28 46380 2753 -4 27 -46377 1329 -2 1249 46371 1528 3 2002 -46378 1793 46377 1876 -23193 83 -8 1330 -23189 2017 2 1233 37116 513 6 2775 15461 1525 -3 
208 224 3 215 46380 
1623 1616 -1 1624 -46378 1618 -46378 
2397 2385 -46380 
3416 3409 1 
1978 
260 134 -46380 39 -1 2296 1 360 -1 2299 1 3580 -46380 423 1 322 1 102 -46380 582 1 1318 -23191 2295 15460 228 -1 1542 -1 354 1 2288 15460 261 46380 241 -1 1382 -46380 2712 1 242 -1 2705 -1 229 -1 1007 -1 200 -46380 288 -1 3584 -46379 2150 1 
1115 513 2 2771 -2 1525 46379 1723 1 1144 1 1746 -46378 1714 -1 2351 1 2614 -46378 2712 1 1905 1 1465 46378 531 46380 1850 46379 1106 1 3391 2 1233 27826 1244 37104 622 46380 1113 46378 2775 -30922 2169 -46378 1234 27827 1245 2 1854 1 1137 -1 1912 -1 2705 -1 2768 -30922 1949 1 569 -46378 1944 -1 1240 -1 1760 46378 1809 1 1145 46378 1876 3 1816 -1 1745 -46378 
1291 
2969 
3466 
2891 
3428 3451 -1 3429 46380 3448 -1 
3513 2436 1 1981 -2 1047 -1 1903 -3 1071 1 1647 -1 2433 -1 2111 46380 1327 23192 1026 1 1051 3 1048 3 1980 -1 1679 1 1007 1 1807 -3 47 -1 1711 -3 1040 -1 2351 1 1979 -2 2437 1 
321 352 46380 
829 505 -46380 569 -46380 1738 46380 818 -1 819 -23191 
2418 2427 -46380 
539 541 -1 531 23190 
834 
2052 1406 1 1182 1 158 1 2053 -1 1024 -3 993 46378 1622 3 2174 3 2067 -1 1944 -3 2080 -3 126 1 2430 1 1949 3 
2557 2545 1 
839 838 -1 
708 727 -46380 723 2 720 -46380 709 -1 
2685 2680 1 
1522 1525 -1 1508 15460 1523 15460 1509 15460 1528 -1 
2801 746 1 2813 -46380 491 -1 
2808 2813 -46380 
3093 
3674 
3014 
3105 3120 -30921 3127 -30921 
659 668 1 
3062 
2191 
1664 1660 23190 1647 -1 
311 316 23189 304 -1 
2255 
3336 
406 398 46380 
2491 2482 1 
671 
3417 
533 
2620 2616 46379 2614 -23190 2619 46379 
2677 
1639 
2593 2616 -1 2614 23191 2619 -1 
1958 
3512 3506 -1 3492 -1 3493 -1 
220 224 -2 
1480 
2401 2417 46380 2427 46380 
2917 2931 -23190 2916 46380 
1342 1024 4 2174 46377 2080 -46377 1944 4 2067 -46379 1182 46379 1949 -4 1622 -4 993 4 
2866 2867 -1 2849 1 2865 46380 
502 1578 -46380 
2766 
2101 
2789 491 1 2812 -23190 2788 -1 746 -1 
1186 52 1 
40 418 1 
566 
2974 
2765 
1478 
1873 1880 -46380 
2696 2705 1 2712 -1 
3495 
1883 1875 -1 1874 -1 1876 -1 1880 46379 
1052 1327 -23191 1903 2 1051 -2 1807 2 1048 -2 1999 -46380 1711 2 
3367 
538 
2238 
2008 1724 -46380 531 23191 2614 -34788 1137 1 2001 23191 1234 9277 2775 -41227 1714 1 1116 -23191 1713 1 1144 -1 1876 -1 3384 -1 569 -1 1329 11595 2705 1 1525 1 3391 11594 2013 -23190 2044 23190 3377 1 1746 -1 1502 46380 2771 -38650 1745 -1 2351 -1 1760 1 1244 27829 2169 -1 24 1 1341 34786 1106 -1 1113 1 1465 2 1850 1 1245 -1 2017 1 181 1 3551 -34786 2768 -41227 1697 -1 2712 -1 29 -1 513 -1 1145 1 1233 9278 1112 -1 
1853 1850 1 1852 23190 1842 -1 
927 
1103 1048 46380 1711 -46380 1041 1 2351 -1 
383 2119 1 
2727 
522 513 -1 531 23191 
3285 3276 46380 
688 700 46380 695 -1 704 -46380 
334 
2496 2493 -46380 2482 1 
3170 
2556 2544 -15461 2551 -15461 
1390 3457 3 3484 -1 964 1 978 3 1710 -3 110 -1 142 -1 984 3 1166 -1 3488 1 979 1 1134 -3 965 1 
1749 1433 1 
1782 1594 -46380 
2863 
3686 
11 754 1 1323 23191 737 1 2027 -1 1131 -1 765 1 
1977 
3085 
1626 
1022 1024 -1 993 -1 
507 1898 -46380 1738 -46380 1802 -46380 569 46379 586 -46380 531 1 181 -1 1322 -23191 10 1 505 46380 504 -1 842 -1 513 -2 481 -1 1706 1 
1982 
2286 
365 935 -46380 
3640 3633 1 
1486 
2527 
820 
3311 
3376 3384 1 3377 -1 3383 46380 3391 -11594 3379 23189 
1813 1333 23191 1909 -1 1425 1 1435 1 1109 -1 2614 -46380 181 -1 1409 1 1502 1 21 -1 1465 46380 
3354 
2395 2385 -1 2369 46380 
2471 
859 849 -1 851 23190 
488 426 -46380 
1303 1296 -1 1308 -23192 
1539 
1661 1660 -23191 1650 -1 
1123 1347 2 1245 -2 200 3 81 1 83 -1 1315 2 82 1 3 -3 963 46379 1091 -1 1155 1 1233 2 78 -46379 65 3 
3452 3448 46379 3451 46379 
3582 
1933 
571 568 46380 545 46380 569 -46380 
2332 2333 46379 2322 46379 
3078 
3194 3178 46380 
580 581 -1 582 -1 604 -23190 
417 2152 -46380 8 1 448 46380 1320 -23191 
1969 1981 1 
817 819 -23191 818 -1 
2392 2393 -1 2385 1 
635 626 1 622 -1 
294 
3308 
2541 
3596 
620 622 -1 
391 
3137 3155 23191 
1945 
2488 2493 -46380 
3225 
2076 993 -4 2174 -46377 1024 -4 1182 -46380 1622 4 2014 1 1949 4 1944 -4 2067 46380 2080 46377 
3347 3329 2 
887 893 1 880 -1 888 -1 865 -3 
3116 
3157 
889 
2870 
2991 
612 613 46380 627 -23190 
3510 
2326 
3167 
2016 2175 2 2013 -23190 2775 10307 3391 11596 683 -23192 18 -1 22 1 513 1 1347 -46378 704 46379 1120 -1 893 -46379 2166 46380 78 -46379 1887 1 2145 -1 1525 1 1329 11595 1233 3 888 46379 2006 -1 1569 -1 2140 -1 1315 -46378 3580 -1 2614 -34786 1508 -15459 1523 -15461 2771 38651 1341 -11595 2335 -46379 2044 23190 3551 -34785 1528 -1 531 -23191 1152 -1 1533 1 2017 1 2144 -2 2768 10307 1981 2 32 1 200 -46377 1245 -3 3 46377 1622 -1 2015 1 963 46379 65 -46377 3457 46377 83 46379 1155 -46379 2161 1 3484 -46379 2002 1 2162 1 1148 -1 29 -1 1600 -46380 1121 1 2172 1 398 -1 700 -1 3591 -46379 1596 1 1979 2 1980 1 3584 46379 1343 -23191 2111 -46379 2001 23191 1116 -23191 1509 -15459 
2750 
2717 2712 1 
3609 
1280 1250 1 1249 1 1267 -1 
1845 
796 1804 2 795 -2 1100 2 785 -2 1324 -23191 1900 2 1996 1 
2550 
2859 2867 2 2849 -4 
3071 
3499 957 46380 955 46380 960 -46380 1901 -46380 2029 -46380 2157 46380 1805 -46380 
3165 3163 -1 3155 23190 
1968 1981 -46378 1975 -1 1979 -46378 
1251 
598 
1780 1210 -46380 1850 -46380 586 46380 1876 -1 
2572 
2898 2908 -23191 2909 -1 
227 
2642 2656 1 2648 -1 
363 743 -46380 
3121 3128 1 
672 668 -23191 
2462 
2762 
2847 
2672 2680 3 2683 3 2679 46380 
597 
2311 
857 
1505 1509 1 1508 1 
2956 
3057 3069 1 3070 1 
2723 
731 733 46380 723 -23191 
1652 
2356 
1102 977 1 1710 1 984 -1 
883 865 2 
1094 273 -46380 2288 15460 2299 1 2295 15460 2296 1 2022 -46380 285 46380 
624 627 23189 631 -1 
245 
2635 
1954 
3303 
3210 
882 865 -1 888 -1 
2663 
375 368 -1 1063 1 7 3 353 -3 1671 1 
3338 
2358 
1551 
2595 2614 1 
1498 1502 -1 
1025 1807 -46380 1903 -46380 1327 23190 1711 1 15 -46380 1048 -1 1051 46380 
348 352 -2 
282 1766 -46380 
3005 3000 1 
2578 2561 -1 2577 -1 
3641 
2597 2614 23191 2619 -1 2596 46380 2616 -1 
808 
1419 757 -46380 
2361 
346 
2478 
3327 
828 819 1 
2884 2908 23191 2885 -1 
2955 
2952 
2522 
705 723 23191 
2540 
1823 2144 -1 1525 1 2335 1 2175 1 1854 1 3591 1 3551 -46380 893 -46380 1523 30920 1727 -1 1509 30922 1533 1 2111 1 2136 1 3391 1 1508 30922 888 46380 1919 -1 2139 1 1528 -1 
530 541 -1 513 -1 
3350 
2536 
1862 
3562 
1973 
25 1337 23191 1729 -46380 2169 46380 1760 -46380 
350 
574 
1526 1533 -1 1525 -1 1528 1 
402 407 -46380 408 -1 412 -46380 400 -46380 
2420 
2967 2972 23189 2960 46380 
3190 
3359 
1241 
1146 1778 -46380 1114 46380 1876 -1 586 -1 1178 15460 1850 -46380 1761 -15460 1502 -46380 1777 -46380 1779 -15460 26 15460 
1643 
1242 
308 
1950 1949 1 1944 46380 
913 914 -1 897 -1 
844 842 -1 
2901 
3553 3584 46380 
2831 
2841 
1580 790 -46380 
2046 2065 -1 1622 1 1944 46380 3070 -1 2105 -1 1024 -1 1118 1 2430 -1 2077 1 993 -1 1854 1 1949 1 
2182 
2374 
3144 
3688 
994 
2415 
257 200 -1 360 1 229 1 354 -1 2712 -1 1007 1 423 -1 39 1 6 1 2150 1 2705 1 1318 23190 241 1 288 -1 228 1 322 -1 242 1 
191 
2158 1710 1 1134 -46380 3457 -46378 2227 23190 963 46380 700 -46380 3178 1 3484 46380 993 -46380 3488 1 78 -46380 888 1 893 -1 992 1 683 -23189 984 -1 2209 -46380 1024 1 978 46380 398 1 704 2 
2785 2812 -23190 
823 819 23189 816 -1 
2903 2896 46380 2908 -23192 
2900 
153 1732 -46380 2771 -30921 2775 -5154 2776 1 1337 23191 1760 1 2770 1 1733 -46380 121 46380 1401 46380 2768 -5154 2169 -1 2810 1 
3443 3451 46379 3448 46379 
1859 
1630 1622 1 
2693 2692 46380 2689 -46380 
534 
3392 3379 -23191 3391 34786 
2301 2299 -1 2295 -15460 2288 -15460 
2289 2296 1 
2732 
16 1057 -46380 1328 -11595 1569 -34786 704 -1 1508 -30921 1533 11595 2006 -34786 2166 11595 3384 23191 3457 46380 407 -46380 1985 -23189 400 -46380 28 23189 1980 -23190 1525 -34786 963 34786 1084 23190 1596 34786 398 11595 412 -23189 3377 -23191 1523 -7730 1528 34786 1600 -11595 3391 23190 78 -34786 1509 -30921 22 34786 1692 23190 1979 1 683 34785 2000 -23190 700 -23191 1665 -46380 1313 11596 1887 -23191 2740 11595 23 46380 1335 -11595 1981 1 1622 11595 3484 -23190 2007 -23190 
3667 3676 1 
703 
2503 
1212 1372 -4 1371 -8 2036 2 1213 -2 1202 46379 2004 -46380 2867 2 1850 -2 1361 46373 1332 -23191 1347 -46379 2849 -4 1140 -46379 
3257 
2842 
2283 
634 
2634 
2472 
3094 3086 -1 
2451 2436 2 2437 2 
3208 
3611 3603 -23191 3608 -1 
546 
2998 
2454 
3240 
885 
1849 
3290 
3658 
675 
3694 
1921 1947 -1 1944 -1 
2353 2355 23190 2363 -1 2351 -1 
3004 2994 -2 3000 -2 
3614 
3193 
390 
1006 993 -1 1024 -1 
1487 
445 1896 1 1800 1 443 -1 2024 1 2152 -1 448 1 
750 971 1 
2513 2519 -15460 2523 46380 2512 -15460 
2660 2661 46380 2680 -1 2683 -1 
970 3086 1 3178 46380 494 1 
1986 2335 -2 2146 46379 60 1 1314 -23190 64 -46379 
3262 
3060 3070 -1 
931 77 1 
416 400 1 412 1 407 1 
908 
2731 
998 
676 677 -1 704 -1 683 -23192 
577 604 -23190 586 -1 
1839 
2564 2565 46380 2561 1 
3696 3707 3 3703 46380 3709 3 
2830 
2530 
684 
891 888 46380 865 -1 
2516 
3455 
1055 2127 -46380 
1373 1361 -46380 
1538 
2481 2493 -46380 
483 74 -46380 
2069 1438 -46380 1502 -46380 1622 1 
2180 2204 23191 2181 -1 
511 2122 -46380 
2254 
2422 
2856 
1836 
3123 3120 30920 3127 30920 
794 1772 -46380 
3023 
1290 
3055 
1265 1272 1 1250 -1 
2524 2519 30920 2512 30920 
166 2712 -1 39 1 354 -1 1007 1 360 1 322 -1 2705 1 423 -1 
2963 2972 -46380 
1451 
167 354 1 423 1 39 -1 1007 -1 2705 -1 322 1 360 -1 2712 1 
1305 
1439 2133 -46380 
517 531 23191 516 -1 
36 130 1 64 46380 1282 1 37 -1 2335 -46380 39 -1 1314 23190 322 1 1378 1 2146 -46380 1250 1 354 1 98 1 
2794 491 1 746 -1 
1924 1944 46380 1925 -1 1947 46380 
1930 
2274 
3627 
1934 
3332 3333 46380 3329 1 
1583 1046 -46380 
3382 
2871 2864 -1 2849 -3 
164 187 46380 165 46380 181 -1 177 46380 
3142 
1500 1504 -2 
2507 
243 242 -2 241 -2 
3043 
640 627 -23191 
2584 2577 -46380 
3028 
184 177 1 181 1 
3217 3229 -46380 
1682 407 46380 2007 -23190 2351 -1 65 -46369 1143 1 1155 -46375 531 -23192 1084 23190 1688 46380 1347 -46372 3 46369 3391 23190 2740 -11595 1692 23190 2166 -11596 1569 34785 1080 46380 3484 23192 22 -34785 2006 34785 1985 -23189 683 34785 1533 -11596 1315 -46372 24 -3 1121 3 1328 11595 1136 1 1697 3 1508 46380 1313 -11596 78 -11587 3377 -23191 963 11587 700 -23191 1523 23191 1979 1 412 23189 3384 23191 18 -3 1712 -46380 400 46380 83 46375 1981 1 1600 11596 1335 11595 1887 23190 28 23189 1719 -46380 1525 -11596 398 34785 1980 23191 1596 -34785 513 3 1528 -34785 1074 -1 1233 -46372 704 -1 1245 -9 200 -46369 2000 -23190 1509 46380 3457 -3 1622 -11596 
3557 3584 46378 3556 46380 3580 -1 
699 683 -23192 700 46380 704 46380 701 -1 
1188 1202 46380 148 -46380 1361 46373 1371 -8 1189 46380 1850 -1 1347 2 1332 23190 1140 -46380 1372 -4 1282 1 1396 -46380 1213 -1 2036 1 116 -46380 
2822 
3498 
2944 2931 -23191 
2293 
1286 
1548 
2767 
3631 
2187 
1967 1980 1 1981 2 1979 2 
3648 3617 -1 
1589 1622 1 1244 27829 1233 9277 1245 -1 1430 1 1240 1 302 -1 1234 9277 
1841 1842 -1 1850 -46380 1852 23190 
603 594 -46380 
664 669 1 
2338 
1946 
3537 3538 46380 3548 23190 3551 -11596 
1302 
1468 1472 -2 
1515 
3656 
3522 
3237 3236 -1 3264 -1 
1256 
2882 
362 487 -46380 
925 897 -1 914 -1 
3079 
814 
572 569 -2 545 -46379 
2348 
2389 
772 1900 -46380 108 -46380 140 -46380 795 46380 1100 1 1388 -46380 773 46380 1324 -23191 1804 -46380 785 -1 
2082 
339 352 46379 
1259 
1869 1887 -1 
1295 
793 1740 -46380 
1228 
2467 47 -1 2437 1 2436 1 1026 1 2433 -1 
162 2705 1 2712 -1 360 1 322 -1 423 -1 1007 1 354 -1 39 1 
1306 
2323 2333 -2 2322 -2 
852 
2538 
3672 3677 -46380 
845 838 46380 
2746 
3387 3379 23190 3377 -1 3391 -11595 
43 738 1 
1757 1738 1 2105 1 3551 -46380 1145 1 1760 1 2169 -1 2041 -46380 505 -1 1746 -1 1465 1 569 -1 
2758 
589 582 46380 
2695 2712 1 2705 -1 
518 
3097 
3637 
1962 
3212 
212 
1096 1800 -1 2152 -46380 1896 -1 448 46380 433 1 443 1 
1196 788 1 
2059 766 -46380 
1565 1560 1 
1127 369 -46380 1319 -23190 7 46380 2712 -1 2705 1 370 1 1095 46380 353 -46380 
1375 
2940 2931 -46380 
575 
3266 
1261 
496 1066 -46380 481 -3 586 3 10 3 503 46380 513 -3 569 46378 531 23192 2186 -46380 1674 -46380 
2515 2519 -15461 2512 -15461 
1535 1508 -30922 1528 1 1533 -1 1509 -30922 1525 -1 1523 -30920 
3087 
1034 495 -46380 
687 
1160 1320 -23191 435 -46380 448 2 2152 -2 
3278 
926 
139 645 -46380 1995 46380 1980 1 741 1 582 46380 2867 -2 1887 46380 720 -46380 1323 1 2849 4 491 1 644 -46380 1131 -3 727 -46380 764 -46380 668 23190 2027 -3 723 23192 1979 2 1981 2 754 3 746 -1 740 1 1387 46380 683 46380 765 3 107 46380 
255 
2499 
3500 
3200 3178 -46380 3187 23190 
2604 
2272 2259 23190 
3514 
1410 53 1 
409 
2330 
258 38 1 
1959 
605 594 -1 604 23190 
2932 
2310 
3107 
661 
3289 
1672 2152 3 78 1 1064 -1 1352 -1 723 23192 720 -46380 963 -1 904 46380 727 -46380 448 -3 1007 -1 432 1 439 1 1320 -23192 
985 1742 1 
651 645 -1 644 -1 668 23191 
2285 
2107 2099 -23191 2104 46380 
3143 
896 865 -1 
2037 1234 -9277 1437 -46380 1502 46380 302 1 1244 -27829 1622 -1 1109 -46380 1245 1 1525 -1 1425 46380 1233 -9277 181 1 1240 -1 
3310 963 1 78 -1 
2756 2757 -1 2771 15460 2775 10306 2770 1 2768 10306 2776 1 
3118 
3302 
3149 
307 316 1 
3404 
3307 
1268 
2923 
3650 
2892 
189 181 1 177 1 
953 1741 -46380 
2644 
2497 2519 15460 2512 15460 
2686 
2924 
3320 3313 1 
3535 
596 586 -46380 
2886 
879 
2350 
1963 1980 -1 1981 -2 1979 -2 
1607 
3215 
3550 
1568 1537 -1 
2490 
2284 
175 
621 
2414 
667 668 -23191 669 46380 
3013 3027 23191 3012 46380 
2539 
3618 
2965 
911 
3571 3584 -2 
1000 1007 1 
405 
3470 3488 -1 3457 -3 3484 1 
2838 
3517 2029 -46380 955 46380 2157 46380 1805 -46380 3506 -1 3492 -1 960 -46380 1901 -46380 3493 -1 957 46380 
2466 47 1 2436 -1 1026 -1 2437 -1 2433 1 
205 
1434 1781 1 
894 
1475 
173 
221 209 1 
2520 2512 30921 2519 30921 2523 46380 
2772 
2280 
3291 3288 -1 3265 -1 
292 293 -1 316 23191 
1718 1234 37104 2038 -46380 2614 1 1244 18552 1528 1 1597 46380 1525 -1 1622 -1 302 1 1245 1 1533 -1 1233 37104 1592 1 1240 -1 
1363 1361 -4 1371 -4 1372 -1 
2031 1053 1 1711 1 1048 -1 
3115 
3138 
3358 
3106 
42 482 -46380 
145 1155 -3 78 -23195 1880 -1 1092 -46380 1876 23190 1347 -4 746 -1 1245 5 1313 23191 1874 -1 129 -1 1393 46380 39 -1 1341 11595 1329 -11595 1371 -2 2001 -23190 200 46376 531 23191 360 -1 1875 23190 491 1 3391 -11595 3 6 1315 -23195 1316 -23191 1377 -1 113 46380 2768 15460 2771 23190 114 46380 83 3 2712 1 1317 -23191 1116 23190 513 -1 963 23195 3457 -2 423 1 2614 11596 2017 -1 1007 -1 354 1 97 -1 2013 23190 1250 1 2775 15460 29 1 1233 46376 3551 34786 3484 1 1282 1 5 1 1372 46380 4 1 1124 -46380 146 46380 65 -6 1121 46380 1125 -46380 2705 -1 1361 -2 1093 -46380 2044 -23190 18 -46380 1394 46380 322 1 
1855 1854 -1 
876 
2879 
1009 993 -1 1019 -1 
3126 
2459 2461 -1 2437 -1 2436 -1 
2730 
590 
342 
2716 2689 2 
3523 
3067 3070 -1 3068 -23191 3069 -1 
2265 
2719 
2895 
2298 
1555 1537 2 
2269 2259 23190 2267 -1 
1359 
3156 
3151 
1220 1234 -9276 1244 -27828 1233 -9276 1221 -1 
3064 3070 1 3069 1 
413 408 -46380 
2626 
3286 
949 1421 1 
1021 993 -1 1019 -1 
249 
3362 
1728 2169 46380 2168 1 513 -1 2771 -30920 1145 1 1233 9278 2768 -5153 1850 1 531 23191 2351 -1 1244 27829 2161 -1 1502 46380 569 -1 2614 46379 2775 -5153 1525 1 1760 -46380 1234 9277 1113 1 1245 -1 1106 -1 2712 -1 1120 1 1745 -1 1144 -1 1714 1 181 1 1713 1 1746 -1 1876 -1 1112 -1 2705 1 3391 -1 1465 2 1137 1 
2396 2369 -46379 
778 1738 1 569 -1 505 -1 181 -1 842 -1 492 -46380 
3616 3591 46380 3603 23190 
2807 2800 46380 2812 23189 
320 316 -23191 
1748 1209 1 
2445 2436 1 2437 1 2433 -1 
890 
3235 
3516 3493 2 3492 2 
2600 
1374 
2325 
3053 
532 
1725 1137 1 1949 1 1944 -1 1854 -46380 2001 23191 1116 -23191 1234 37104 2614 -34786 2712 -1 2105 -1 2013 -23191 181 1 3391 -34785 3551 11595 1106 -1 1341 -11595 2768 -36074 505 1 1502 -1 2034 1 1329 -34786 569 1 1738 -1 2044 23191 1244 18552 2775 -36074 1240 -1 2705 1 2771 -7730 1525 -1 2040 -46380 1713 1 2351 -1 1112 -1 1149 -1 622 46380 1233 37105 
3185 3195 -1 3187 -23191 
623 
193 200 1 224 -1 
815 
2872 2865 1 
3301 3300 46380 963 23190 3323 -1 78 -23190 3313 46380 
2277 2276 -1 2299 -1 2296 -1 
2566 
2605 
523 
2486 
1484 
1936 1944 3 1947 3 1943 46380 
3659 
996 997 -1 993 1 
2797 
3221 
94 2051 1 
2431 
2357 
2220 
1703 369 -1 2705 -1 1095 1 376 1 2712 1 
1822 2174 -46380 1118 -1 2065 1 1622 1 1024 -1 993 -1 1949 1 1918 46380 2080 46380 2075 -46380 1944 -1 
1497 
3370 
2787 
92 65 46377 1245 4 78 46377 3 -46377 83 -46378 1987 -46380 200 46377 1155 46378 1233 -4 963 -46377 1315 46377 1347 46377 
1150 1949 1 993 -1 2066 -46380 2065 -46380 2080 46380 2174 -46380 1944 46380 1024 -1 1622 1 1118 46380 
2821 2820 46380 2835 -23190 
2106 2105 -1 
1004 993 1 1024 1 
248 241 1 
1132 1900 -46380 786 -46380 1804 -46380 795 46380 
867 
246 
2546 2551 -15460 2544 -15460 2545 -1 
2011 1509 15461 1916 1 1528 -23191 1330 23191 1820 1 65 6 1523 15460 2753 46379 2768 5153 683 -23189 2006 -23190 1244 -9276 2771 -15460 1596 23190 1155 3 1875 -23190 27 2 1371 2 1361 2 398 -23190 1245 -4 1372 1 1600 -23191 1148 -1 3 -6 1533 -23190 1121 2 22 23190 18 -2 1880 1 1347 4 963 -5 1793 -2 1315 23195 83 -3 1339 23190 1889 -2 1525 23191 1569 -23190 200 -46375 531 -1 1874 1 513 2 2166 23191 1876 -23190 1233 -18548 3551 23191 1622 23191 1508 15461 78 5 3457 2 3484 -1 2775 5153 2002 1 1234 -18552 704 2 700 1 
2446 
803 
411 412 -46380 400 -46380 407 -46380 408 -1 
1275 1249 5 1267 -3 1250 3 1272 -1 
2958 
2854 
2798 
618 
3558 3580 1 3584 2 
2585 
609 627 -23190 
1764 154 1 1765 -1 1402 1 2810 1 26 46380 122 1 1761 -46380 
3405 
3281 3288 1 
203 
864 851 23190 
2303 
1571 86 -46380 
3176 
2622 
2264 1245 1 1234 37104 181 -2 1502 -46379 1109 -1 1465 -2 3377 1 2259 -23191 3391 1 1525 -1 1233 37104 3384 -1 1425 1 1717 1 2267 46380 2614 -46379 1244 18552 1240 -1 1432 -1 
895 888 -46380 893 46380 
564 
3100 3104 -2 
1992 444 1 1320 23191 2152 46379 448 -46379 
2975 
3098 
2273 2288 -30921 2295 -30921 
3297 3313 -1 963 -23191 3323 -1 78 23191 
679 
3298 
3242 
3711 
2379 
3666 3676 -23191 3677 46380 
344 338 46380 352 1 
332 
2382 
3048 
3480 3473 1 
2534 
3272 
1773 954 1 
1521 1528 1 
1312 1308 -23191 
1562 
3249 3250 -1 3264 1 
1197 948 -46380 
2594 2614 -1 
1563 1537 -1 1560 -1 
3092 
3647 
1863 
244 
1663 
2509 
2100 
1133 946 -46380 1805 1 1901 1 955 -1 
2525 2512 -15460 2523 -1 2519 -15460 
1659 1650 1 
1547 
2755 2776 -1 2770 -1 2775 10307 2768 10307 2771 -30921 
3581 3584 1 3570 -1 
13 2433 1 1325 -23190 960 1 2437 -1 2436 -1 2157 -1 929 -46380 
787 1804 -46379 1164 -46380 1100 2 1900 -46379 785 -2 795 46379 1324 -23190 
2894 
3132 3120 -15461 3127 -15461 
1838 
3503 1051 46378 1007 -1 1711 3 1979 2 2433 1 2351 -1 1047 -46380 1026 -1 1048 -3 2437 -1 1981 2 2111 -46380 1071 46380 1807 -46378 1327 -23192 1679 46380 1647 1 47 1 1903 -46378 2436 -1 1980 1 1040 -46380 
2125 1887 1 1549 -1 2111 -46380 959 -46380 
2054 286 -46380 
3102 
2631 
1983 
2155 765 -1 754 -1 768 -46380 1131 1 2027 1 
1529 
2899 2908 1 
1847 1840 46380 1852 -23192 
3549 3548 -23191 3538 46380 3551 -11597 
3117 
3061 
3601 3608 1 
1632 1618 1 1624 1 1622 -1 
89 1731 1 
2803 2812 -46380 
558 
1488 1495 46380 1504 3 
3399 
2555 2545 -1 2544 30921 2551 30921 
237 
3681 3709 -1 3707 -1 
976 984 9 978 -46372 1134 46372 1710 -9 398 -46380 704 2 979 3 700 -46380 983 -1 1166 -3 893 46380 1678 1 888 -46380 683 -23189 1070 1 
1490 1499 -46380 
3269 3268 46380 3265 1 
1507 
2346 
2570 
3141 3140 46380 3155 23191 
1461 1465 1 
2386 2385 -1 2369 46380 
2834 2843 1 
2170 1792 1 26 -30921 1761 30921 3178 -46380 1178 -30921 1779 30921 
259 70 -46380 
2657 2683 -1 2680 -1 
1587 1596 -46378 1569 46377 2006 46378 22 -46377 1174 1 
3629 
3706 
2019 1091 1 81 -1 93 -46380 
179 177 46379 181 -2 187 46379 
331 
655 644 1 645 1 668 -23191 
384 1319 -23191 7 1 3591 1 353 -1 2151 1 
3133 3128 1 
2328 2333 1 
1546 
2586 
2421 
595 604 1 
588 
940 781 -46380 
3712 3709 1 3707 1 
3697 3709 1 
3599 
3685 3684 -1 3709 -1 3707 -1 
2426 
2200 2203 46380 2204 -23191 
2848 2835 23190 
755 765 -2 2027 2 2867 2 2849 -4 1131 2 754 -2 1323 23191 1163 1 
2072 2105 -1 1726 -46380 1949 1 1502 -1 842 -1 1118 46380 1944 -1 2065 -46380 1854 -46380 
2850 
2936 2931 -23191 2930 -1 
2514 2523 -46380 
1270 
2300 2288 -15461 2295 -15461 
1629 1624 1 
1885 1880 1 
3197 3187 -23191 3195 -1 
3345 3357 1 
1951 
3634 3617 -1 3633 46380 
96 963 46380 65 -46380 1233 1 1315 -46380 3 46380 1347 -46380 1155 -46380 83 46380 200 1 2147 -46380 78 -46380 1245 -1 
696 701 1 
3530 
3321 
3619 
3346 3357 -1 3329 -1 
2603 
1467 1472 1 1465 -1 1457 -1 
1920 1793 46380 1245 -1 3551 23189 3580 -46380 18 -1 1622 23191 513 1 3 -2 3391 -2 2771 30921 1596 23190 683 -23189 963 -2 1330 -23190 1880 46380 1889 46380 2175 -2 2015 -1 1525 -23192 1343 23191 704 2 1569 -23190 1523 1 1155 1 1887 46380 65 2 2144 2 1372 1 2335 -2 398 23191 1528 -23189 2162 -1 27 -46380 531 23190 2753 -1 3484 -1 1508 -2 1944 -1 1875 -23191 22 23190 1347 1 3591 46379 2166 23191 1600 -23191 2140 1 1152 1 1876 -23191 1339 -23191 200 -46379 1509 -2 1949 1 3584 -46379 1874 -1 1361 2 2768 36074 3457 2 1244 -9276 78 2 1234 -18552 1315 23192 700 1 2111 -2 2775 36074 1533 -23192 1824 46380 2171 -46380 893 -2 1233 -18551 2006 -23190 1121 1 1371 2 888 2 83 -1 
2237 2226 46380 2227 23190 
1614 
202 
3704 3709 1 
2378 
3335 
980 1198 -46380 
3122 3128 -1 3127 -15460 3120 -15460 
3114 
3450 
1460 
1926 
3536 3543 46380 3551 34785 3548 23189 
351 
719 
2910 
1216 2209 46380 2227 23191 1372 2 1371 4 1213 1 2036 -1 1140 46380 1202 -46380 1361 4 2164 -46380 1347 -1 1850 -46380 
1556 1542 -1 
583 
1013 
3638 
863 
2675 2683 -2 2680 -2 
2918 
210 224 1 209 -1 
2703 
2449 2461 1 
123 83 -2 2768 15460 1893 -46380 155 46380 1797 -46380 114 1 1793 -1 2288 -15460 1124 -1 963 -3 531 23190 18 -1 1155 2 1403 46380 2299 -1 1347 3 1315 3 3 -4 2753 -1 513 1 200 -46377 1892 -46380 2295 -15460 1233 -46378 1796 -46380 1245 -3 1125 -1 2775 15460 65 4 146 1 1394 1 27 1 78 3 1121 1 1889 -1 2296 -1 
1649 1660 23190 1650 46380 
2088 
2086 
2375 
3002 
611 
2581 
396 
1269 
3202 
2319 
2062 990 -46380 
3076 3104 46380 3077 46380 
1462 
2722 
3605 
2707 2689 2 
118 150 -1 22 -46380 1569 46380 1572 1 1398 -1 1573 1 
2598 
934 838 -1 269 -46380 582 46380 904 -46380 
2342 
680 
2741 
1856 1852 -23191 
966 270 1 
2887 
3628 
3158 
1534 
1601 1618 -1 1624 -1 
2925 
1634 
2306 2335 -46380 
3270 
3169 3187 -23190 
2919 
3613 3608 1 
2215 
748 779 1 
2615 2616 3 2608 -1 2614 -23192 2619 3 
2236 2227 -46380 
3436 
2510 
3425 3451 -1 3448 -1 
341 
213 
264 422 1 200 -1 904 46380 
2751 
3630 
2487 2482 3 47 1 2436 -1 2493 -46378 1026 -1 2480 -1 2433 1 2437 -1 
1620 
3020 
106 586 -46380 481 -1 1386 46380 484 -46380 138 46380 10 1 513 -1 569 -1 485 -46380 531 23191 
854 
2529 2544 -30921 2551 -30921 
2064 1086 1 1024 9 1182 -3 1622 -9 993 9 2071 -1 2174 -9 2080 9 1694 1 2067 3 1949 -9 1944 9 
1473 1504 -1 
2735 
3505 3493 -1 3492 -1 3506 -1 
1195 756 1 
1574 278 1 
1453 
2050 62 -46380 
3459 
923 914 1 
1604 1624 46380 1618 46380 1605 46380 
725 
1754 1785 1 2810 -1 1876 1 2105 1 
1984 1980 -1 1979 -1 1981 -1 
1603 
2262 
702 
3238 
2939 2930 1 
1722 1876 1 586 1 842 -1 1784 -46380 2105 -1 1777 -1 1114 1 1850 46379 1502 -2 
447 2120 1 
387 1007 -1 72 1 423 1 360 -1 419 -1 2705 -1 200 1 2712 1 
3277 
628 
2287 
657 669 1 
732 723 1 
2624 2619 1 2616 1 
3003 2994 1 
2372 2369 -46380 2373 46380 
3645 3633 -46380 
497 491 1 531 -1 504 1 3086 -1 505 1 1098 1 569 2 842 1 513 2 1738 -1 746 -1 181 2 1706 -1 2186 -46380 586 46380 
2880 2867 46380 2849 1 
2888 
206 
2434 2436 1 2437 1 2433 -1 
1911 1071 -1 1083 -46380 1889 -3 1047 1 1040 1 1711 3 2437 -1 1981 1 1719 46380 1692 -23190 1691 -46380 1600 -11596 1525 -34785 412 -23189 398 -34785 700 23191 1335 34786 1712 46380 1622 -34785 28 23192 1979 1 2166 11596 22 34785 3457 -46378 2740 11595 24 3 2433 1 3391 23191 1679 -1 1533 11596 27 3 2775 -1 3377 -23190 2111 1 1051 -3 1509 1 2351 -1 1904 46380 1697 -3 1807 3 1523 -23191 1328 34786 1007 -1 1084 -23190 963 34785 400 -46380 1647 1 1887 23191 1048 -3 1528 -11596 1327 23189 1793 -3 2000 23190 1815 46380 407 -46380 47 1 2006 -34785 683 11596 1080 -46380 2436 -1 1985 -23192 2768 -1 1903 3 1026 -1 3484 23189 1980 23191 1313 11596 1569 -34785 1508 1 78 -34785 3384 23190 1596 34785 2007 23190 704 -46380 1808 46380 2753 46378 1688 -46380 
3080 
3701 
2228 2227 23191 2209 46380 
1708 505 46380 1738 -46380 1100 1 622 -46380 181 -1 792 -46380 842 -1 785 -1 569 46380 
500 1194 1 
2081 2099 23191 
2208 2204 -23191 
1617 1624 1 
3393 3424 -1 
3394 
3663 
120 1007 -1 1250 -46380 129 46380 24 1 2705 -1 1313 -23190 423 1 200 -5 513 -1 152 46380 1361 46379 2712 1 3 6 1400 46380 1125 1 1700 -46380 322 1 65 -6 4 -46380 2614 23191 1880 -1 3484 -46380 1121 -1 531 23191 1347 -4 1124 1 1371 -2 1875 23190 1245 5 2768 25767 146 -1 1315 -23195 1394 -1 18 1 354 1 83 3 1697 -1 360 -1 1155 -3 1377 46380 3457 46379 1317 23190 1876 23190 1372 -1 1316 23190 2775 25767 1701 -46380 1282 1 39 -1 78 -23195 97 46380 1874 -1 2771 15460 963 23195 114 -1 5 -46380 1233 46376 
1770 3178 46380 842 -1 586 46380 506 -46380 
1940 
2195 2204 1 
1223 
2452 
2098 2104 46380 2099 23190 
1512 
2246 
3532 
3463 
3665 3677 1 
3318 963 -1 78 1 
1878 
2640 2647 -1 2656 3 
3103 
2643 2656 46379 
333 
2458 
2214 
2935 2931 23189 2928 46380 
1891 963 -46380 1233 -1 81 -46380 3 -46380 1091 46380 1347 46380 1155 46380 200 46380 1795 46380 1245 1 65 46380 83 -46380 1315 46380 91 -46380 78 46380 
2424 2417 -46380 
3162 
3502 
2845 2843 -1 2835 23190 
3035 3027 23190 3037 -1 
1246 
1633 1660 -23190 
3575 3568 -1 3584 -46378 
3036 3027 1 
1734 281 -46380 
2055 382 1 
3180 
3135 
938 493 1 
1750 1593 -46380 
1273 1267 2 1250 -2 1249 -4 
2543 
3699 3709 -2 3707 -2 
1485 
3247 
2947 
665 
1506 
1998 984 4 1166 -1 978 -46377 1710 -4 988 -46380 1134 46377 979 1 
3148 
2154 531 -23191 10 -1 481 1 1322 23191 513 1 512 -46380 586 46380 569 -46380 
2428 2427 46379 2417 46379 
1625 
2470 
1002 
1108 1850 46380 2036 1 1282 -1 1213 -1 1876 1 586 -46380 1201 1 
639 
587 582 -46380 
415 
1851 1854 1 1842 1 1850 -1 
2942 
843 
3322 
3600 3603 23189 3607 46380 
717 
1953 1979 -1 1981 -1 
3045 3068 23191 3044 46380 
2292 
921 
2796 
168 
2321 2333 1 
2650 
2649 
1351 
1471 
2517 
573 568 1 
2966 
3526 
3679 
3610 
1224 
3324 78 -23190 3323 -2 963 23190 3313 -2 
3154 3163 1 
1566 
3710 
555 
2920 
1287 
2913 2931 -23190 
3309 
2093 2111 -1 
3283 3265 2 
2881 2908 23191 
1658 
547 
1611 
3423 
2954 
833 851 23191 
1532 1508 30922 1523 30921 1509 30922 
2489 
1858 
853 
303 
1415 373 -46380 
2628 2656 -1 2629 -1 
217 
3670 
3119 
1207 1372 6 1213 3 1076 1 1684 1 1361 12 1347 -3 1850 -46378 1371 12 2036 -3 1140 46378 2740 1 1202 -46378 1200 -1 1332 23192 
2149 1371 2 1880 -46380 32 -1 1155 1 2712 -1 2768 20614 1347 1 1313 -23191 1876 23191 2145 1 1317 23191 1361 -46379 78 23192 1408 1 1007 1 322 -1 3488 1 2705 1 97 1 83 -1 2771 -15460 2614 -23191 3457 -46380 1875 23191 2775 20614 65 2 200 -46380 1874 1 3 -2 963 -23192 1250 -1 2148 -1 1372 1 1377 1 1315 23192 423 -1 360 1 5 -1 160 1 128 1 129 1 354 -1 4 -1 1233 -46379 1316 23191 1282 -1 1245 -2 39 1 
301 
1416 437 1 
1544 
2233 
395 
625 626 46380 627 23190 
252 241 -2 242 -2 
414 
268 774 -46380 
2621 2616 1 
2419 2417 -2 2427 -2 
3386 
3082 3086 -1 
3545 3551 -46380 
2780 2771 -15460 2775 -41228 2768 -41228 
2337 2355 -23190 
2638 
1345 1372 1 1371 1 1361 -46380 
2327 2333 3 2320 -1 2322 3 
2210 
3279 
3491 
835 
3230 
3366 
3520 3493 -1 3492 -1 
3010 
1628 1618 -2 1624 -2 
240 247 46380 242 3 241 3 
1364 1347 -46380 1361 -4 1372 -2 1371 -4 
2304 2295 -15460 2288 -15460 
670 
3306 
3254 
2343 
973 942 1 
2851 
1336 2169 2 29 -2 2775 36073 1876 2 1525 -2 2705 -2 1145 -2 2044 -1 1106 2 2771 30919 1329 23191 2017 2 531 -1 181 -2 2001 -1 1234 27827 1113 -2 1746 2 1137 -2 1244 37104 3551 -23191 1697 -2 1116 1 569 2 2013 1 513 2 2768 36073 1341 23191 2614 -23186 2351 2 1850 46379 24 2 1713 -2 1233 27825 1465 -4 1745 2 1245 2 1144 2 1714 -2 3391 -23189 1502 -46379 1112 2 2712 2 1760 -2 
1666 1314 23189 2146 -46378 55 -46380 48 -46380 2335 3 1058 46380 64 46378 
2786 
216 209 1 
1420 181 1 3276 46380 302 1 789 -46380 
3293 3288 1 
3274 
2929 2931 23190 2930 -1 
3439 
2388 
1844 1850 46380 
3299 963 -1 78 1 
2240 2227 46380 2209 -46380 
1598 2070 -46380 
2553 
2402 
3015 
1686 22 -2 1078 46380 1569 2 1584 -46380 1600 1 2166 -1 2006 46380 1591 -46380 1622 -1 1596 -46380 
3555 
3595 
2193 2203 46380 2186 46380 2204 -23191 
2706 2705 -1 2689 46380 
3031 3027 -23192 3024 -1 
614 
2142 1854 -1 2079 1 
3351 3329 -3 3344 -1 
3680 3676 23190 
3084 
2010 1761 -30922 26 30922 1788 1 1779 -30921 1178 30921 
2902 
802 
2138 1791 -46380 
1699 2775 36074 2770 1 2771 30921 1091 1 2776 1 88 -46380 81 -1 2768 36074 
2739 2749 -1 2743 -30921 2740 15460 2736 -30921 2738 46380 
3422 
2806 
3646 
3040 3027 -23191 
1662 
877 
807 
961 979 -1 1710 3 1134 3 1166 1 2209 46380 14 1 978 -3 2227 -23190 984 -3 
3583 3580 46380 3584 -2 
3153 3155 -23191 3163 -1 
3388 3379 1 3377 1 3384 -1 3391 -1 
3211 
3052 
1864 
2700 
1550 
2937 
1153 1140 -2 2768 15461 1569 -23192 22 23192 1850 2 2867 -1 1465 2 2740 23190 2001 1 2771 2 3070 1 1523 1 200 2 1169 -1 1907 1 2614 -23192 1596 23192 569 46379 1889 -2 1745 -2 1245 -2 65 2 1107 1 2169 46379 1339 -23192 2006 -23192 1525 -23192 1341 -23191 1145 2 1811 1 2044 1 1179 -1 1113 2 3484 -46378 2753 -2 1371 6 1533 23189 1313 23190 1329 -1 1528 23192 29 2 1509 -2 3551 23191 1508 -2 1372 3 1793 -2 398 -23192 2036 -2 2166 23189 2013 -1 1213 2 1760 -46379 1876 -2 1361 -46375 1250 46378 1315 23192 19 1 27 2 1155 1 2849 2 1202 2 1116 -1 2017 -2 1600 -23189 1233 -46379 1267 3 1332 -23191 1622 23189 3391 -1 2775 15461 1746 -2 1249 -6 1203 -46380 3457 46375 1331 23190 1172 46380 3 -2 83 -1 
744 427 -46380 
3475 3484 3 3457 -4 
2558 
2339 
3420 3424 -2 
3604 
3319 3313 3 3312 -1 3323 3 963 -23190 78 23190 
3258 
3192 3187 23190 3195 46380 
1767 378 -46380 
1974 
1252 1249 -46380 1253 -1 1250 46380 
317 312 -46380 
232 
3643 3617 -1 3633 46380 
1455 
299 
1762 58 1 
906 
3414 
2444 
386 
392 2712 -1 2705 1 200 46380 72 -1 423 -1 360 1 1007 1 419 1 
1476 1477 -1 1504 -1 
593 594 -1 604 -23191 
525 
188 187 -2 177 -2 181 -2 
2429 2430 -1 2417 1 
2948 2949 46380 2972 -23190 
710 
812 1738 -46380 505 46380 569 46380 
211 224 -2 
2559 
2376 2393 1 
3430 
161 187 46380 354 1 2712 1 39 -1 2705 -1 1007 -1 181 -1 360 -1 423 1 322 1 177 46380 
2970 
3314 3323 1 
3403 
2511 
3039 
3449 
599 604 23189 592 46380 
1976 1981 1 
536 541 1 513 1 531 -23191 
1165 1325 23190 960 2 2157 -2 947 -46380 
300 302 -1 
2268 2259 1 
3009 3027 23191 
3489 3492 1 3493 1 
1971 1979 46379 1981 46379 
3445 
2297 
2846 
836 837 -1 851 -23190 
3426 
2443 
2498 
1835 
3011 
3033 
861 849 1 
1510 
2354 2363 1 2351 1 
2115 95 1 
3507 3492 2 3493 2 
1922 
343 352 3 336 46380 
2826 
2400 2369 46380 
385 400 -46380 412 -46379 407 -46380 
3467 3457 1 3473 46380 3484 -1 3483 46380 
1730 57 1 
3029 
1284 1285 46380 1282 -1 1308 -23190 
3421 3409 1 
1142 1234 -37104 302 -1 1528 -1 1597 -46380 1622 1 1569 46380 1233 -37104 2038 46380 1586 -46380 1245 -1 1525 1 1240 1 1596 -46380 1533 1 1244 -18552 2614 -1 22 -46380 2006 46380 
663 656 46380 668 23189 
2655 
2592 2561 -1 
2312 
3586 
3271 
3418 
3626 
2883 
2664 
2223 
1355 
2684 2683 -2 2680 -2 
918 
2612 
3189 
2225 2226 46380 2227 23190 
3166 
1365 
1014 
3026 3027 -23191 3037 -1 
3161 
75 739 -46380 
3598 
2824 
591 
3183 
2699 
968 430 -46380 
2526 
3410 3409 -1 3424 -46380 
3205 3228 -23190 3204 -1 
1075 1361 -46375 1887 1 1107 3 1533 -23193 1084 1 963 -46374 1525 -23193 22 23193 2013 -3 2007 -1 2753 46375 2614 -23192 83 -46378 1528 23193 3377 1 2740 23191 65 46375 3384 -1 1315 23186 1233 -6 1267 9 1169 -3 29 -46375 1980 -1 1622 -23193 1347 46375 1313 23192 683 23192 2169 -6 1793 -6 1907 3 2768 -30920 2017 46375 1889 -6 1465 6 3391 -2 1745 -6 1683 46380 2000 -1 1509 -30924 2849 -6 1179 -3 1981 -2 398 23188 3 -46375 1746 -6 1985 46378 78 46374 1811 3 704 2 1175 -46380 400 4 3484 -46376 1371 6 1249 -18 1329 -3 1600 -23188 1569 -23193 1979 -2 569 46378 1339 -23195 1596 23193 1341 23189 1250 46375 1331 23189 1116 -3 1113 6 1876 -3 200 -6 1760 6 3551 -23189 27 6 2001 3 3457 46371 407 4 1335 1 1328 1 2867 3 1168 -46380 2771 -46377 1245 6 2044 3 412 6 700 1 1145 6 2166 23188 1692 1 1155 46378 1523 -30919 2006 -23193 1508 -30924 1372 3 28 -46378 2775 -30920 
1866 
1941 
1299 1308 1 
2294 
2030 893 -46380 1024 -1 989 1 622 -46380 888 46380 1710 1 302 1 993 -1 984 -1 
326 
3363 
2549 
690 701 -1 704 1 
3348 
195 200 46380 
540 531 1 
3066 
3263 
2247 
1448 
3368 
3438 
3623 
1756 2009 -46380 1760 -2 1337 -23191 2169 2 3551 1 
3234 
3315 3313 -2 78 23190 963 -23190 3323 -2 
3275 
662 
1960 
172 181 -1 
318 
1867 1887 -46380 
673 704 46380 683 -23191 
2993 3000 1 
646 
1422 981 -46380 
1237 1234 -9277 1245 1 1233 -9277 1244 18552 1240 -1 
1307 1308 23190 1282 -1 1297 -1 
2591 
2334 
2702 
17 586 1 1116 -23191 3391 -11595 1329 -11595 1250 46380 531 -23190 1233 -46380 29 1 1341 -34786 2001 23191 2614 -11596 2017 -1 513 -1 2771 23191 2775 30921 1245 -1 569 46380 1089 -46380 2768 30921 2013 -23191 1282 -1 2044 23191 3551 34786 
3317 
2257 2259 -23191 2267 -1 
3091 3104 -2 
2562 
1017 
3203 
2094 
692 
1231 
234 
2118 3591 -46380 3580 -1 3584 46379 287 1 
3661 
315 316 -23191 312 46380 
950 1581 1 
3182 3178 -1 
199 
2131 1525 46379 1528 2 1509 -15463 2111 46379 3584 4 1183 1 1523 -15459 2015 -2 2335 46379 1533 -2 3391 -2 893 -2 1343 -23189 3580 -46379 2175 -2 1508 -15463 1887 46379 3551 -1 888 2 2144 2 2140 2 3591 46379 
962 46 -46380 
3453 3448 1 
2371 
2531 
2979 
1676 1804 -46378 791 -46380 795 46378 784 -46380 1100 3 1068 46380 785 -3 1324 -23192 1900 -46378 3276 -1 
2915 
3660 
584 
3398 
917 
1942 
198 200 46380 
742 267 1 
3296 3265 -1 
1441 1472 -1 
1181 1250 46380 1341 -1 2614 1 1329 1 1465 -1 1116 1 2771 30920 2013 1 2768 5153 2035 1 2169 1 1107 -1 3070 1 1745 1 1746 1 3551 1 2044 -1 1169 1 1760 -1 2001 -1 1145 -1 3391 1 1113 -1 2775 5153 
1243 1244 18552 1240 -1 1233 -9276 1234 -9276 
678 
1702 285 46380 2288 15460 2295 15460 2299 1 2022 -46380 280 1 2296 1 
3515 1007 -1 1048 -3 3506 1 1711 3 1903 -46378 1807 -46378 1327 -23192 1679 46380 1026 -1 2029 46380 1805 46380 960 46380 1901 46380 1047 -46380 1647 1 1980 1 2351 -1 955 -46380 1979 2 2437 -1 1981 2 957 -46380 2436 -1 1071 46380 1051 46378 2157 -46380 1040 -46380 2111 -46380 2433 1 47 1 
2773 
3518 
3326 
1612 
2315 
716 
2763 
3456 3448 -46380 3451 -46380 
2547 2551 -15461 2544 -15461 
1379 2712 -1 99 -1 963 -6 131 -1 1007 1 2768 -10307 1315 -46375 2705 1 78 6 2776 1 1245 -7 1233 -46374 65 -46374 68 1 423 -1 69 1 83 46377 2770 1 360 1 3 46374 1155 -46377 1347 -46375 2775 -10307 2771 -15460 200 -46375 2614 -1 
3373 
3487 
3486 
707 
3199 
3592 
2368 2355 23190 
1735 377 1 
1830 
712 727 -1 723 23189 720 -1 
615 
3400 
1288 
1524 
3198 
3590 3591 -1 
714 
3030 
2535 
2114 63 1 
3565 
2317 
272 288 3 1062 -46380 279 46380 2150 -3 1670 -46380 1318 23192 
650 
2048 1120 1 1622 -1 3551 -11594 2771 7730 2111 -46379 2768 36074 1949 -1 1508 30922 888 -1 893 1 1024 1 2161 -1 1341 11595 993 1 1116 23191 2015 1 1944 1 1887 1 3591 2 1343 23190 1509 30922 2175 2 2001 -23191 1329 34786 2013 23191 1528 -1 2044 -23191 2775 36074 2140 -1 1533 1 1525 1 2144 -2 1523 30920 2614 -11595 3580 -1 2173 -46380 2335 2 3584 -2 3391 -11594 
956 1997 1 1325 23190 960 46379 2157 -46379 
967 366 -46380 
1469 1457 1 
289 316 -23190 
3295 
1736 441 1 
943 838 46380 2437 1 2433 -1 2436 1 2111 -1 1037 1 
2156 795 46380 800 -46380 1900 -46380 1100 1 785 -1 1804 -46380 
236 
2278 2295 15460 2296 1 2299 1 2288 15460 
3021 
2073 1758 1 
2092 
920 914 -1 897 -1 
3001 
3554 
256 241 1 242 1 
1447 
2698 
2725 2736 -30921 2743 -30921 2724 -1 2740 -30922 
805 804 -1 819 23191 
2982 
3343 
1158 275 1 1318 -23191 2150 -2 288 2 
3179 
875 
1834 
1640 
2483 2482 -2 2493 -2 
2005 1436 -46380 1409 46379 1333 -23191 21 -46379 
2694 
886 
3644 3617 2 
254 
3188 
3174 
2243 
2305 2322 46380 2335 46380 2333 46380 
1248 1244 -27829 1234 -9276 1233 -9276 
2450 2437 -1 2436 -1 2461 -1 
565 
2639 
2745 
196 197 46380 224 -1 
1262 
2637 
2990 
3444 
3339 
2495 
1211 1361 4 1371 4 1850 1 1372 2 1812 1 1908 1 1202 -46380 1347 -1 1140 46380 
1470 
3615 3591 -46380 
544 531 23190 
3471 
1553 1560 1 
2607 
103 668 -23191 1383 -1 353 -1 39 -1 645 -46380 135 -1 644 -46380 357 1 356 1 7 1 354 1 
3007 
3125 
912 919 -1 904 46380 897 -3 
2083 
1023 
2218 
3574 
1452 
2060 1024 -1 842 1 798 1 993 -1 2996 -1 
1176 2013 -23191 1107 -1 1169 1 1714 3 2017 -1 1106 -3 2614 -11601 569 -3 1233 27834 1465 5 2712 -3 1116 -23191 1760 2 1746 -2 1244 37106 1144 -3 1850 -46378 2775 20615 2044 23191 1525 -46378 1713 3 1697 1 1502 46378 1145 2 2705 3 2169 -2 24 -1 1876 -3 531 23192 29 1 1250 -1 1137 3 2351 -3 2768 20615 1715 1 3551 -11595 1245 -3 1234 27831 1745 -2 181 3 1112 -3 2001 23191 513 -3 1341 -34786 2771 7732 1329 -11595 3391 34783 1113 2 
231 
2196 
2132 1215 -46380 
987 978 -46380 700 -46380 704 2 1134 46380 1902 -46380 622 1 1806 -46380 683 -23189 
313 
1147 3 2 1330 -23191 2169 46380 963 1 1746 -1 1339 -23190 1596 23190 1240 1 1876 -23191 1723 -1 1361 46379 1371 -2 531 1 1889 1 1944 1 1113 1 2768 5154 1912 1 200 -2 1906 -46380 1347 -1 1622 -23190 3457 2 1155 -1 1854 46380 2614 -1 2753 -46380 27 -1 2166 23191 2006 -23190 2771 30921 398 23191 3484 -1 1874 1 18 1 1144 -1 1315 -23192 1850 1 78 -1 1600 -23191 622 -46380 1244 37105 1372 -1 22 23190 1875 -23190 83 1 1465 1 1714 1 1145 1 1816 1 1810 -46380 1528 -23191 513 -2 1508 -30920 1523 -30921 1880 1 1760 -46380 3551 -23190 1525 23192 1793 1 1533 -23190 1234 27829 1949 -1 1569 -23190 2775 5154 1121 -1 65 -2 1233 27828 1509 -30920 1745 -1 569 -1 
527 
2364 2355 1 
2399 
3649 3676 -23190 
3349 
1069 1677 46380 944 -46380 951 -46380 1325 -23192 1887 -1 960 46378 2157 -46378 2111 -1 1549 1 904 -1 
2868 2867 2 2849 -4 
2270 
2926 
1054 2063 -46380 
3698 3707 1 
771 76 -46380 
3006 2996 -1 
606 
2792 
3621 3620 46380 3617 1 
3292 3265 2 
2179 
3564 
769 1900 1 1324 -23191 1804 1 795 -1 1100 1 785 -1 2996 1 12 1 
1426 1409 -1 1141 -46380 1333 -23191 1502 -1 1109 1 2614 46380 181 1 1525 1 1425 -1 21 1 1465 1 
2589 2577 1 
2465 2482 -1 2493 -1 
2477 
2709 
3437 
860 851 1 
2988 2996 1 
1570 2614 1 54 -46380 
2219 
374 1575 1 
3655 
1073 2768 30921 2775 30921 1697 -3 29 -3 1111 -46380 1116 -23189 2614 -11596 1712 46380 1719 46380 1681 46380 1341 -34785 1080 -46380 2017 3 2044 23189 1104 -46380 2013 -23189 3391 34785 24 3 2771 23191 2001 23189 1329 -11596 1688 -46380 3551 -11596 2186 1 
813 
801 819 23191 
1151 1887 -1 3591 46380 2111 -1 1509 15459 1523 15461 1508 15459 2136 1 2015 -1 1525 46380 2140 1 1343 -23190 3584 2 888 -46380 1533 -1 1727 -1 3551 -1 2130 1 1528 1 3580 -46380 2335 46380 3391 -2 2175 -1 2144 1 893 46380 
2085 2099 -23190 2084 -1 
2690 
2110 2105 1 
3233 3264 -1 
1446 
1358 
909 904 -46380 
1260 
1304 1297 1 1282 1 
1831 
2202 
1035 668 23190 1979 2 751 1 645 -46380 1981 2 1980 1 644 -46380 
2933 
2687 
2390 
2329 
1615 
2508 
2177 2204 -23190 
372 1191 1 
3147 
1619 1618 -2 1624 -2 
3534 
2232 2226 -1 2227 23190 
537 
2809 2810 -1 
1362 1372 2 1371 5 1347 -1 1361 4 
1005 
3411 3424 -2 
1776 26 -46378 1082 1 1690 1 1783 -1 1761 46378 
2134 1599 -46380 
2580 
1576 438 -46380 963 46380 78 -46380 
314 
2897 2909 1 
629 
238 
3095 3104 3 3088 -1 
1101 945 1 1901 -1 955 1 2157 1 1805 -1 960 -1 
1595 398 1 78 -46380 3457 5 2038 -46380 2006 -46379 1596 46379 1814 1 3473 46380 22 -2 3484 -3 2166 1 3483 46380 302 1 1569 2 1600 -1 1910 1 1597 46380 963 46380 
1857 1880 -1 1874 -1 
2405 2417 46380 2404 -1 2427 46380 
3695 
498 531 -46380 586 -46380 504 -1 1706 1 569 -2 1738 1 1322 -23191 1130 1 481 -1 842 -1 513 -2 181 -1 505 -1 10 1 
291 1007 1 360 1 2705 1 2712 -1 423 -1 
2599 
526 
3139 
3572 
1173 1333 -23192 1427 1 1409 -2 21 2 
1466 
1283 
928 897 46380 
3256 3264 1 3250 -1 
3479 3484 46379 3457 -46380 3472 46380 
3054 
2613 2614 -1 
991 2126 -46380 
3705 
192 177 1 181 1 187 1 
2211 
862 842 1 
1799 379 1 1095 46380 2712 -1 7 -1 353 1 369 -46380 1895 -1 1319 -23190 2705 1 
2941 2930 -1 2931 23190 
1771 762 1 
658 669 46380 668 -23191 
607 
3252 
3632 3639 -1 3617 -3 
2370 
3058 3069 -1 3068 23190 3070 -1 
1931 
2362 
3654 
180 
3396 3424 -1 3397 46380 
1602 
2983 
1162 569 46379 586 2 10 2 1322 -23192 531 1 499 -46380 481 -2 513 -2 
2878 
2876 2849 4 2867 46380 
2718 
2855 
3201 3228 -23190 
1032 431 1 
330 
1454 
3342 
3413 
3090 3099 -46380 
3096 3104 1 3099 -1 
337 338 -1 352 1 
1266 1249 -46380 1272 -1 1250 -46380 1267 46380 
782 1024 1 993 1 302 -1 972 1 622 46380 
1651 1660 -46380 
80 47 -1 1026 1 200 9 2436 1 1233 9 1245 -9 83 -6 78 -46372 65 9 1347 9 2433 -1 1059 1 87 -1 1315 9 2437 1 1155 6 1667 1 963 46372 3 -9 
3032 3037 1 
535 531 -23192 528 -1 
1255 
721 733 1 
2501 2512 -30921 2519 -30921 2500 46380 
2819 
654 
1368 1361 -46380 
1489 1502 1 1504 1 1499 -1 
3442 3451 -46380 
2484 
3678 
811 
1008 1015 -1 993 -3 1007 -1 
3540 
50 2146 -1 64 1 56 -1 1698 1 1122 1 2335 -1 
543 
2781 2770 -1 2771 15460 2768 10307 2775 10307 
2241 2259 23191 
2674 2683 1 
1236 
290 423 1 1007 -1 360 -1 2712 1 2705 -1 
388 423 -1 400 -46376 389 46380 200 46380 2705 1 419 1 1007 1 360 1 412 -46373 72 -1 2712 -1 407 -46376 
3579 3570 1 
66 35 -46380 47 -1 2437 1 1233 -46380 1007 1 2712 -1 423 -1 1245 -1 2433 -1 360 1 2705 1 1026 1 2436 1 
1558 
3521 3548 -23190 3551 -11595 
653 
1846 
2778 
3259 3250 1 
159 893 1 2175 1 2116 1 1887 1 1528 -1 2140 -1 1509 -15459 1533 1 2111 -46380 1525 1 127 -1 3391 1 2015 1 3591 -46380 3580 46380 3584 -2 1523 -15461 1407 -1 888 -1 2335 -46380 2144 -1 1508 -15459 2117 1 3551 1 
2026 181 -1 569 -1 1706 1 531 23191 504 -1 513 -1 842 -1 505 -1 509 1 1738 1 
2253 
3227 3228 -23191 3229 46380 
1340 1233 -9285 1622 1 3484 -2 1596 -1 1528 -1 1315 -9 1361 46377 398 -46380 513 -4 1509 -15459 1347 -8 2849 -4 1525 1 2013 -2 1244 -27829 3551 2 1508 -15459 963 8 1985 46379 1341 -1 1569 1 1880 2 2867 2 1523 -15461 1121 -4 1533 1 1876 1 1875 1 2017 -4 2044 2 65 -12 78 -8 29 4 1371 -4 83 6 1234 -9277 683 1 3457 4 1313 1 1148 2 1330 -1 3 12 200 46369 1600 46380 1372 -2 2002 -2 2006 1 22 -1 18 4 1874 2 2166 -46380 1155 -6 531 2 28 -46379 3391 3 1245 8 
2229 
1458 1457 -1 1465 -1 1472 1 
340 
44 770 -46380 
2641 2648 1 
2087 
1966 
2802 2813 46380 2812 -23191 
3016 
3173 3187 -23190 3172 46380 
1743 1807 -3 1647 -1 1026 1 1007 1 1047 -1 1071 1 1327 -23189 2111 -1 2436 1 47 -1 1049 1 1711 46378 1979 -2 1679 1 2351 1 2437 1 1903 -3 1981 -2 1051 3 2433 -1 1040 -1 1980 -1 1048 -46378 
610 
3253 
1045 1423 1 
1479 
3476 
358 423 1 322 1 1007 -1 39 -1 2712 1 3591 1 354 1 263 1 360 -1 2705 -1 838 -1 
2951 
3431 
3395 
2874 
3587 
907 
1442 
1536 1509 -30921 1523 -30921 1508 -30921 
223 
1309 1297 1 1282 1 
752 1675 1 1995 -46380 2027 -1 765 1 727 -1 1131 -1 2849 -4 1067 1 1323 1 720 -1 723 -23192 754 1 764 46380 2867 2 759 -1 683 1 
685 
190 
2573 
2314 
3669 
1482 
881 888 1 
1360 1371 -3 1372 -3 1352 -1 1367 -1 1361 46378 
1450 
866 
1217 1234 -9276 1244 -27828 1233 -9276 
868 865 1 869 -1 
1635 
225 241 -2 242 -2 228 -1 229 -1 
1646 
3508 
3702 
2827 
3047 
3519 
2869 
1990 288 2 2150 -2 1318 23191 284 1 
298 
2568 
619 
85 2614 -46380 1411 1 
2673 2680 1 
3602 3603 23190 3608 -1 
898 
2964 
3340 
1642 
2097 2104 -46380 
3700 
3294 
174 
2205 2204 23190 2203 46380 
878 888 -46380 893 46380 
1298 1308 -23191 1297 -1 1282 -1 
2212 2227 -23190 2213 -1 
1721 2770 1 1752 1 2105 1 505 -1 1876 1 1738 1 2169 -46379 2768 -5154 2775 -5154 1745 1 2771 -30921 2393 -1 1746 2 1145 -2 1113 -1 1760 46379 2776 1 
2676 
2721 2743 -30921 2736 -30921 2740 15460 
1376 1361 -46380 1371 1 
1886 
2602 
570 
1519 
1222 
3214 
3146 
1829 1852 -23190 1828 -1 
3282 3288 -1 3265 -1 
1050 1775 1 
3675 3676 23190 3677 -1 
2456 2461 1 
3108 3109 46380 3120 -30921 3127 -30921 
305 312 -46380 
2206 
2435 
3019 
171 
3541 
1881 1876 1 
1357 
3232 3228 -23191 
648 
916 
59 64 1 56 -1 2768 -36074 1890 1 2335 -1 1698 1 1794 1 2146 -1 2775 -36074 2771 -30920 2753 46380 
306 316 23190 312 -1 
726 
2453 
2666 
1932 
2359 2352 46380 2351 -1 2355 -23192 
3622 
1060 2705 3 1155 -46375 704 -46380 1995 1 1315 -46372 700 -23190 65 -46369 963 11585 2768 30922 1508 30921 144 1 119 1 400 -5 765 -2 407 -5 1392 1 1007 3 1233 -46369 2775 30922 322 -3 2007 -23191 1250 -3 1245 -12 764 -1 2614 46378 3391 23191 200 -46372 1600 11595 423 -3 398 34786 1596 -34786 354 -3 1328 -34786 1061 -1 1131 2 1335 -34786 78 -11585 129 3 151 1 22 -34786 1084 23191 1347 -46372 2771 2 3484 23188 2027 2 1528 11595 112 1 3 46369 1985 -23192 3384 23190 1282 -3 1399 1 1509 30921 1352 -1 3377 -23190 1377 3 28 23192 2849 -4 2867 -46379 1569 34786 1313 -11596 683 11597 39 3 1887 23192 1981 -3 2006 34786 1980 -23192 1669 -1 1525 -11595 2712 -3 83 46375 2166 -11595 3457 -46376 5 -3 97 3 1523 7730 1692 23191 754 -2 1668 -1 412 -23198 2000 -23191 1533 34786 1622 -11595 4 -3 1979 -3 360 3 1323 23190 2740 34787 
3496 
404 
2366 
2713 
3577 
560 569 -46378 567 -1 545 46378 
2189 
1464 1465 1 1457 1 
1159 353 -2 371 1 7 2 1319 -23192 
1167 1051 2 1807 -2 1048 -46379 1903 -2 1327 -23191 1711 46379 1043 -46380 
1274 
2023 1095 -46380 2705 -1 381 -46380 2712 1 369 46380 
2734 
2681 
872 
1543 
810 1738 46380 569 -46380 505 -46380 
884 
3375 
3075 
3662 
2682 
2777 2775 5154 2770 -1 2776 -1 2771 30921 2768 5154 
1868 
2360 2363 -1 2355 23190 
2829 
2235 2226 -46380 
3181 
1226 
1927 
1970 1979 1 
3434 
1170 2169 -46379 1760 46379 2166 23192 1811 -1 1523 -1 1315 23186 2006 -23189 1234 9275 1876 -23188 3 -46375 1528 -23192 1347 46377 1330 -23192 3457 -46375 2738 -1 2743 30921 1874 1 1569 -23189 513 -2 1249 4 1509 2 1622 -23189 1907 -1 1145 -2 18 2 1745 2 2771 -15462 2775 -41228 1889 2 1121 -2 1465 -2 1179 1 1508 2 1793 2 1880 -46380 2614 -46380 1533 -23189 65 46375 22 23189 1250 -46379 1155 46378 1372 -1 2768 -41228 3484 -3 1371 -2 2749 -1 1245 4 3551 23191 1361 46379 1139 -46380 2740 7730 83 -46378 1339 23192 1233 9271 1600 -23192 78 -3 1267 -2 2736 30921 200 -6 1113 -2 1746 2 1525 -23189 398 23192 569 2 963 3 531 -46380 27 -2 2753 2 1244 27828 3391 3 1596 23189 1875 -23190 
1185 1876 1 2227 -23190 1361 46373 1347 2 2849 -4 2867 2 2996 1 1140 -46378 586 1 1372 -4 1202 46378 2740 1 1172 -46380 1371 -8 1282 -1 3070 -1 2036 3 1213 -3 2209 -1 20 -46380 1203 46380 1850 46378 
403 407 46377 412 46376 400 46377 
2479 2433 -1 2436 1 1026 1 2437 1 47 -1 
3380 
2817 2835 -23190 
1301 
399 
2468 2493 -1 2482 -1 2469 46380 
1821 955 -46380 1145 -46379 1244 -9275 960 46380 1760 -46379 1245 -2 1854 46379 1144 -1 1234 -18550 1917 46380 569 46379 2295 15460 2029 46380 2299 1 2157 -46380 2775 36075 3391 -3 1233 -18550 3551 -1 2288 15460 1745 46379 1850 -46380 1714 1 957 -46380 1149 1 1912 1 1876 -2 2296 1 1816 1 1949 -2 1723 -1 2169 46379 1465 -46379 1746 46379 513 -1 622 2 2043 -46380 2768 36075 2614 -3 531 -23190 1901 46380 1525 -46378 1240 2 1113 -46379 1944 2 2771 30922 2034 -1 1805 46380 
2651 2648 -1 2656 1 
1937 1949 1 
2748 2740 7730 2736 -15461 2743 -15461 
2367 
3261 3264 1 3250 -1 
2279 
3501 957 1 1805 -1 2029 -1 1901 -1 955 1 960 -1 2157 1 
1128 434 1 1896 1 2743 -30921 2736 -30921 2705 -1 2738 -46380 2712 1 2740 -7730 2749 1 1800 1 443 -1 
1338 1779 -30920 1761 -30922 1178 30920 26 30922 
542 
2198 
2978 
347 338 -46380 
2398 
1747 1337 -23190 1145 -46380 1465 -46380 2169 -46380 3551 -46380 1113 -46380 1746 46380 1250 46379 1760 46380 1745 46380 1249 -4 1267 2 1177 1 
2425 
2836 
1126 2288 -15460 2296 -1 2299 -1 2295 -15460 285 1 2022 -1 288 -1 274 1 2150 1 
3372 
3693 
1491 1504 -2 
579 
1235 1234 -9277 1233 -9277 1244 -27828 
900 897 1 901 46380 
2962 2971 -46380 
524 
3687 
1627 1618 1 
3585 3603 23191 
2221 
718 
1645 
1530 
1030 271 -46380 
1955 
728 733 -46380 
2074 2105 1 842 1 1502 -46380 1790 -46380 
856 849 1 
2816 2812 -23191 
3018 
1292 
1588 1206 -46380 
3051 
2946 
933 141 1 109 1 960 46380 2157 -46380 1325 -23191 1389 1 932 -1 
1344 1155 2 1330 1 2162 -2 1234 9277 78 3 83 -2 3391 23189 2145 -2 2775 -20614 1120 2 3551 -23191 1116 1 1341 23191 963 -3 2013 1 29 -2 513 2 1245 -2 1121 2 2161 -2 32 2 1347 2 200 -46377 2001 -1 1329 23191 65 4 2017 2 1152 2 1233 9279 1244 27829 2771 -30921 2614 23191 1371 4 1361 4 1315 3 3 -4 2768 -20614 1372 2 531 -1 2044 -1 18 -2 
2890 
715 720 46380 723 -23192 727 46380 
2197 
3330 
2611 2614 -23191 2616 46379 2619 46379 
2782 
686 704 2 683 -23189 700 1 
1218 1245 1 1233 -1 
319 
410 
691 704 46379 683 -23190 
3353 
3244 
2980 3000 -1 2994 -1 2981 46380 
3542 
90 1763 -46380 
3206 
3246 
2380 
827 818 1 
602 586 -1 
3056 3063 -1 3068 -23192 
761 1739 -46380 
222 
3578 
3447 3448 -46378 3451 -46378 3440 46380 
1654 
2691 
2774 
2245 2244 46380 2259 23191 
1483 
2222 2209 -1 2227 23191 
2728 2738 46380 2740 7730 2743 -15460 2749 -1 2736 -15460 
2408 
2207 
446 2056 -46380 
3415 3408 -1 3424 -46378 
183 176 -1 181 3 177 -46378 187 -46378 
2271 
2927 
2636 
2959 
2047 893 -1 3591 -2 2015 -1 1343 -23190 1854 46380 1528 1 2141 1 1508 15459 1533 -1 1727 1 2144 2 2136 -1 2111 -2 1523 15461 2140 1 888 1 3584 2 1887 -1 2175 -2 3391 -2 3580 -46380 2335 -2 1525 -1 3551 -2 1509 15459 
1704 440 -46380 2152 1 1800 -1 448 -1 443 1 1896 -1 2393 -1 
2752 2743 30921 2740 -38651 2736 30921 
1928 
3552 3548 -23191 3551 -11596 
2590 
323 
632 622 -46380 627 23190 626 46380 
1010 1019 1 
1843 1852 1 
2906 
1938 1944 1 1947 1 1949 -1 
915 897 2 
1695 2144 3 893 46379 2128 1 1523 30922 1509 30918 1087 -1 3551 -3 3580 3 1887 46379 1528 2 2135 1 2335 -3 3591 46378 888 -46379 2175 -3 3391 -3 2140 3 1508 30918 3584 6 1533 -2 2111 -2 2015 -3 1525 -2 
1514 
3567 
1227 
3419 3424 1 3409 -1 
3074 
2922 
283 1798 -46380 2022 1 2296 1 2288 15460 285 -1 2299 1 2150 -1 2295 15460 288 1 1894 -46380 
1119 2136 -1 2129 1 1727 1 
1042 1135 -46380 1807 46380 1903 46380 1051 -46380 
2957 
3547 3538 -46380 
1952 1949 -1 1947 1 1944 2 
2506 
576 545 -1 569 -46380 
735 
1825 1852 -23190 
2178 
1281 1308 23191 
2582 
3612 3603 -46380 
226 
2194 2203 1 
380 353 2 1991 -46380 1319 23191 7 -2 
2840 2843 -1 2835 -23191 
3546 
3464 
3461 3484 46379 3457 -46376 3460 -1 
3304 963 -46380 78 46380 
2123 767 1 
3531 
697 
2410 
61 1698 -1 2018 -46380 56 1 
1238 1234 9277 1245 -1 1240 1 1233 9277 1244 27829 
2331 2322 -46380 
3331 
554 569 46380 
2184 
3008 2994 1 3000 1 
3412 
1038 975 -46380 
207 
277 1414 1 
3352 3357 1 
3563 
2324 
2411 
2275 
2914 
3101 3104 1 3099 46380 
3159 3155 -23192 3152 46380 
1036 783 1 
563 545 2 569 -3 
345 
1310 
104 720 -46380 1384 -1 963 46380 78 -46380 72 -1 723 -23189 448 1 1352 -1 2152 -1 1320 23191 727 -46380 136 -1 420 1 421 1 419 1 
2799 
636 627 1 
2783 
2995 3000 46379 2994 46379 
1214 2996 1 2068 1 3070 -1 
832 819 23190 
2183 
3432 
3708 3709 -2 3707 -2 
1445 1472 -1 1444 46380 
3251 3264 -2 
3168 3155 -23191 
2704 2711 46380 2689 46378 
3038 
1326 1710 46377 978 -46377 1134 46377 979 2 1166 -2 984 -46377 
2336 2322 1 2333 1 2335 -1 
1346 
3175 
3389 3391 -1 3377 1 
1334 22 -46378 1596 -46380 2614 -1 1569 46378 1622 1 1533 1 2166 -46380 1600 46380 398 -46380 1525 -46380 1528 -1 2006 46380 
1020 993 2 
204 
2828 
2096 2099 -23192 2103 -1 
1585 1622 1 2614 -1 1233 -37104 2038 46380 3086 -1 302 -1 1597 -46380 1245 -1 1244 -18552 1234 -37104 1240 1 1110 1 1533 1 1525 1 1528 -1 
1300 1282 1 
2764 
3544 3548 23190 3551 -11596 3538 46380 
2239 
1923 
2439 
3222 
2102 
71 355 1 
2575 
79 1027 -46380 
763 1131 -1 2157 -1 3484 -1 957 -1 1803 1 754 1 1899 1 955 -1 3473 46380 3457 1 1901 1 3483 46380 1805 1 2029 1 960 1 
3458 
1230 
3381 3384 -1 3377 1 3391 1 
3527 
2042 1114 -46380 1502 46380 1850 -1 1777 46380 1789 1 586 -46380 1876 1 
3243 
2137 1759 -46380 
601 
2344 
3334 
689 701 1 
660 
2653 2648 1 
3378 3379 -23191 3391 -11596 3377 -1 
3407 
3218 3228 23190 3229 46380 
682 
922 
870 
364 775 -46380 
3065 
2961 2971 46380 2972 23190 
2905 
1610 
2652 2656 46379 
806 
2630 
2165 1440 1 1409 1 21 -1 1333 23191 
295 2705 1 2712 -1 423 -1 1007 1 360 1 
2442 
2733 
2670 
939 582 -1 1805 -1 749 1 960 -1 2029 -1 1901 -1 2157 1 1887 -1 955 1 957 1 
758 1579 -46380 
2290 2296 -1 2295 -15460 2288 -15460 
3050 
1935 
1350 
2708 
2234 
952 2157 -1 1805 1 1709 1 960 1 955 -1 1901 1 
2583 2561 -3 2576 -1 
3490 
2258 2267 1 
1774 986 1 
1208 2036 -1 1716 1 1213 1 
2853 2849 -46376 2852 -1 2867 46379 
2811 2813 -1 2812 23190 
3559 
367 1007 -1 644 46380 838 -1 1031 -46380 668 23191 645 46380 
3231 
2659 
296 2705 -1 423 1 2712 1 360 -1 1007 -1 
2349 
324 325 -1 352 46380 322 -1 
1648 1655 46380 1647 1 1660 -23192 
2943 
3186 3195 -46380 
903 
529 541 1 
2759 
2542 
647 645 -1 668 -23190 644 -1 
2747 2740 7730 2743 -15460 2749 -1 2736 -15460 
251 242 1 
3207 
3668 
1557 
799 2124 1 
1516 
3462 
3371 
335 
