360 423 -46336 999 1 2696 46336 291 1 
3430 
2567 
1010 993 -1 1009 -1 
2721 2725 1 2740 1 2724 1 
3165 3160 -46336 
1851 1841 -1 1855 -1 1852 -23169 
865 883 -23168 
2122 511 -46336 
3046 
547 
2854 
1697 1336 23168 1728 -1 2777 -23168 1250 -1 2168 1 24 1 2614 -23169 1089 -46336 596 1 522 1 1285 -46336 2161 -1 1120 1 554 1 1281 46336 1329 -23168 17 46336 2755 -23169 1284 -46336 1219 -46336 
533 
680 
1756 1760 46335 1337 -23169 2009 1 2169 -46335 3551 1 
196 197 46336 220 -23168 
2288 2295 -1 2291 23167 
1359 
3585 3611 46336 3613 -1 
1638 
1021 1009 1 
1031 999 -1 838 1 655 -46336 367 -46336 
807 
305 317 -46336 
2401 2416 -15446 2423 -15446 
174 
1327 1052 46335 1053 -4 1042 46333 2031 4 1135 -46333 1999 -46335 
1846 
2576 2592 3 2583 46336 
2707 2689 -46335 
3584 3570 1 3569 1 
3446 
1765 1402 -46336 122 -46336 154 -46336 26 -1 1764 46336 2810 -46336 1761 1 
1282 1285 46336 1284 46336 1281 -46336 
163 
2282 
2659 
2625 2656 -1 
3292 3293 -2 3291 -2 
3702 
3694 
1472 1441 -1 
3038 
1467 1458 1 
177 181 -1 189 -46336 
587 269 1 909 1 838 -1 934 -1 
2285 
1963 1953 -46335 1980 46336 
685 
1657 
1263 
2361 
2990 
2968 2961 1 
3704 3707 46336 3681 -1 
3083 
2972 2963 1 
285 2022 1 2289 -46336 1094 -1 273 1 2301 -1 
1520 1508 -30894 1527 46336 1531 1 1533 1 1509 -30894 1523 -30891 
2363 2368 -46336 2360 -1 
650 
2476 
528 535 46336 513 46334 522 -3 
2975 
1277 1250 1 1265 1 
3054 
1510 
2955 
1177 1842 1 1337 23168 1760 -46335 2169 46335 181 46336 637 -1 2040 -1 2777 1 522 1 1112 -46336 825 1 1882 1 1855 1 2755 -1 1725 1 1250 2 1525 1 1713 46336 1747 1 1266 2 1238 1 1249 -46335 3551 -1 2614 46336 1852 23169 3379 15445 3361 15447 1841 1 1937 46336 1265 2 632 1 1117 46336 2105 -46336 1498 46336 2033 -46336 1944 1 554 1 
232 
3503 3513 -1 
2860 
2964 
1247 
670 
1295 
2838 
2901 
881 888 -46336 
2539 
3699 3681 -46335 
168 
2207 
867 
3582 
2962 2963 23168 2961 -1 
3079 
2671 
2214 
3348 
3331 
3648 3634 -46336 3640 1 
910 
2106 2105 -1 
1158 193 -2 230 2 220 1 162 2 257 46335 6 -46335 275 -46336 1318 -23170 
3559 
3690 
2814 
3642 
2676 
2054 286 1 
3384 3361 15444 3381 -1 3387 -1 3379 -30891 
1818 1914 46336 1787 -46336 1852 -23168 1178 -15446 26 -15446 1114 46336 1777 -46336 1498 46336 1841 1 1761 15446 1882 1 1842 1 596 -1 1779 15446 
2638 
3471 
1974 
676 683 46336 673 1 677 -1 
3617 3634 46336 3640 -1 
2850 
2274 
2790 
3603 3613 -2 3611 -2 
2175 2116 -30890 31 -46336 2113 46336 127 30890 1006 1 2044 -23168 1183 -15446 2013 23168 1498 -46336 159 30890 3590 1 2173 -1 1336 -34753 3381 -23169 1944 -1 2008 23169 2117 -30890 1724 -23169 2112 1 2048 1 1341 -11584 2168 1 3551 42475 1937 -46336 2081 1 1438 -1 1407 30890 2069 1 1728 -1 3361 -15446 2144 1 3379 7723 2131 15446 
224 220 23168 
704 673 46336 683 23168 
3421 3410 46336 3424 1 
834 
3274 
3686 
968 430 1 
3227 3217 46336 3232 1 
1602 
2623 
678 
3129 
2453 
1050 1775 -46336 
2469 2492 23169 2468 -1 
602 596 -1 
903 
3519 
2808 2801 1 2794 1 
3615 3590 -1 
2693 2692 46336 2689 1 
1170 3379 -15446 1852 23169 19 1 3551 -23168 2033 -46336 1330 23168 2777 23169 1715 1 1208 2 1112 -46336 1153 -1 2868 -23169 1176 -1 1725 1 32 2 1265 46336 1249 -1 2145 -2 3060 46336 1525 1 554 1 2162 -2 1841 1 1888 1 2728 1 1908 -2 1842 1 1240 23169 1211 2 1882 23169 181 -1 1336 -23169 825 -46336 2105 -46336 1875 -23168 1344 -1 2755 -23169 1812 -2 1713 46336 1944 1 1716 -2 1313 -23169 1498 -1 2614 -23169 2168 -2 637 46336 1152 2 1331 -23169 2740 -23169 3361 30892 1728 2 1172 46336 632 -46336 2040 -1 522 -46336 1937 46336 1117 46336 1245 -23169 1139 -46336 1238 -23168 1332 23168 1203 -46336 1855 1 1266 46336 1250 46335 
1952 1944 1 1924 46336 1937 -1 1925 46336 
525 
2916 2935 -15446 2917 46336 2928 -15446 
2735 
2784 2775 15446 2755 -23168 2768 15446 2777 -23169 
796 797 -2 825 2 1006 2 2028 2 786 -2 1996 -46336 1132 2 1324 23168 637 -2 302 2 632 2 
396 
686 689 -1 699 46336 683 -23169 673 -1 
1809 3483 -23169 2105 46336 2775 -15446 1344 23169 1595 -23169 1219 -1 1937 1 1250 -46336 1906 46336 1728 1 2753 46336 27 1 1339 23168 1117 1 2145 1 1523 15446 1147 -46336 2033 -1 1714 46336 1882 -23168 1120 -2 3551 23168 1855 -1 1842 -1 2161 2 1508 15445 1841 -1 2768 -15446 1284 -1 1814 23169 1793 -1 1810 46336 2040 1 1281 1 1457 1 1329 -23169 1525 -1 1144 -46336 3379 -30891 522 -2 2162 1 17 1 1852 23168 1910 23169 1586 23169 825 46336 32 -1 1509 15445 1089 -1 3361 15445 637 -46336 1152 -1 2614 1 596 -1 1441 1 3474 23169 1238 23168 1725 -1 1115 -46336 1905 46336 1888 -1 554 46336 1875 -23169 1285 -1 1142 -23169 1944 -1 1889 -1 632 46336 2168 -1 1458 1 
3460 3475 -3 3474 -7 3485 -7 3461 -1 
2586 
1243 1240 46336 1248 1 
3070 3060 46336 
2250 
625 637 1 
1213 1208 -46336 1716 46336 2036 1 
3028 
877 
3579 3570 -46336 
3462 
2260 
674 
593 600 1 
1025 1052 -46336 2031 -1 1042 -46336 1135 46336 15 -46336 1999 46336 1053 1 
2739 2740 23171 2724 -46335 2728 1 2725 -46335 
187 189 46336 188 23168 
3373 
1465 1441 -1 1458 46336 1457 46336 
1424 1431 46336 1077 -46336 3285 1 1333 -11582 1173 23170 1685 -46336 1427 -23170 3381 1 
1506 
2017 3551 34753 3381 -23169 2168 1 1281 -1 1284 1 2008 23169 17 -1 554 1 1336 -34753 1341 11584 1250 46336 2755 23168 596 1 2044 23169 2013 -23169 2614 23168 3379 -23168 1219 1 1728 -1 1285 1 3361 -1 522 1 1724 -23169 1329 23169 1120 1 2161 -1 29 -46336 2777 -23168 1089 1 
2074 2105 -46336 858 -1 1790 1 1498 -1 
2118 1382 1 260 -1 838 -1 220 -1 162 -2 269 1 287 -46336 3590 -1 6 -1 2289 -46336 102 1 230 -2 909 1 261 -1 934 -1 276 -1 1190 1 134 1 257 1 2301 -1 193 -46335 
2464 2459 1 2449 1 
1357 
1954 
1544 
2452 
3240 
2965 
3437 
3163 3160 -1 3159 15446 3152 15446 
3481 
2941 2936 -46336 
1290 
924 915 1 
3406 
791 797 -46334 632 46334 1676 -46336 1006 46334 2028 46334 1132 -3 3285 46336 1324 23170 1068 -46336 637 -46334 302 46334 786 3 825 46334 784 46336 
213 
3024 3031 -1 3027 -23170 
3309 
3304 3315 30892 3297 30890 
578 
1022 1006 1 
2525 2524 23168 2514 46336 
1028 111 1 1052 -46336 1999 46336 1391 1 143 1 1042 -46336 1053 1 1029 -1 2031 -1 1135 46336 
811 
2258 2267 1 
3661 
991 2126 -46336 
2355 2368 -2 
3264 3251 23168 
2445 2434 1 
3692 
1186 52 -46336 
582 909 1 838 -1 934 -1 269 1 
902 909 -1 
656 669 3 658 -46334 663 -1 
3673 
1311 
2506 
299 
340 
890 
3133 3132 23168 3122 46336 
3682 
3444 
1008 999 1 1015 46336 993 -3 
1570 54 1 2614 1 
1292 
2335 31 46336 2117 46336 159 -46336 127 -46336 1407 -46336 2116 46336 2113 -46336 
2365 2360 1 
1202 1841 -1 1852 -23169 1908 -1 1140 1 1211 1 1364 1 1812 -1 1842 -1 
3250 3249 -1 3251 -23169 
3154 3160 -1 3152 -30891 3159 -30891 
345 
3711 
3334 
723 721 -2 722 -2 
1007 999 -1 
3020 
653 
716 
3371 
3242 
2987 
348 324 -46335 325 -46335 322 -46335 
3434 
2705 2717 1 2696 -46336 
3185 3192 1 
1730 57 -46336 
2456 2449 1 
3419 3410 -46336 
3533 
3591 3590 -1 
1308 1281 2 
1990 1318 23168 230 2 257 46335 6 -46335 162 2 220 1 284 1 193 46335 
949 1421 -46336 
1782 1594 1 
1195 756 1 
3151 
887 883 -23170 878 46336 880 46336 
3173 3172 46336 3195 46336 3192 -1 
3335 
770 44 -46336 
2867 2853 2 2852 2 2868 23171 
916 
2314 
1101 945 1 2029 1 3501 1 957 -1 
3654 
3148 
356 291 46336 655 46336 162 1 357 -1 1383 1 103 1 1991 23168 322 1 135 1 380 -23168 1319 11584 
1651 1647 -2 1664 -2 
3374 
2534 
2730 
1505 1508 -46336 1509 -46336 
1370 
3091 3099 46335 3096 -2 
1217 1245 -23168 1238 -23168 1240 23168 1248 -1 
1310 
1946 
864 851 -23169 
171 
2787 
835 
249 
2290 2291 23168 2289 -1 
1507 
2989 
2222 2209 -1 2236 23169 
481 554 1 10 -46336 499 -1 596 1 522 -46336 1162 1 512 46334 2154 -46334 
274 1318 -23169 193 46336 230 1 1126 1 162 -46336 273 -1 1094 1 220 -23168 6 1 257 -1 
1886 
2863 
1722 1784 -46336 1498 -46335 1841 -2 1114 -46336 596 1 1882 -1 1777 46336 1842 -2 1852 -1 858 1 2105 -1 
3630 
675 
1081 1751 -46336 1760 46334 1689 46336 1337 -23170 1744 -46336 2169 -46334 
2387 2372 2 2373 2 
2187 
595 577 2 596 2 
1837 
750 971 1 
1665 683 34751 2168 23167 32 -3 1057 46336 699 -2 3379 -11585 878 23170 2048 23167 1313 -23170 1328 11584 1875 -11585 3361 -23167 1882 11585 2740 -11584 2614 1 1533 -23170 1084 23169 1336 -17376 1006 23167 3551 17376 2007 -23169 2868 34752 1341 17376 2013 -34752 1142 -46336 1937 -23170 1509 38615 1814 46336 2069 23167 1335 11584 1692 23169 3483 -46336 3474 -1 1728 -23167 2044 34752 401 -1 2145 3 1910 46336 1344 -34752 2008 -11585 1498 -23170 3381 -11583 2016 -23167 1340 -34752 1238 -1 1595 -46336 1944 -23167 1508 38615 23 -46336 1438 -23167 2172 23167 16 -46336 1724 11585 1523 38613 1869 23168 1586 46336 1888 23167 412 23168 1980 46335 2173 -23167 1531 -23170 673 46335 411 -1 2000 -23169 689 -2 1953 -46333 
1358 
349 325 46336 338 46336 322 46336 324 46336 
3130 
3085 
536 522 46336 529 1 
3552 3551 -11585 3548 -23169 
3633 3640 -46336 
2900 
1517 
3679 
3179 
1537 1568 46336 
2568 
2679 2672 46336 2688 -46334 
2180 2204 -23168 2181 46336 
2786 
3261 3249 1 
2582 
1773 954 -46336 
3272 
1723 1713 -46336 2105 -1 3474 -23169 1888 1 1889 1 2145 -1 1906 1 522 1 1219 -46336 1284 -46336 825 46336 2033 46336 3551 -23168 1147 -1 1714 -46336 1508 -15445 1142 -23168 1725 -1 3379 15446 1498 -46336 1523 -15446 27 -1 2768 15446 1586 23168 1120 1 1117 -46336 554 1 1250 -1 181 1 596 1 1238 23168 1144 46336 1882 -23169 1816 1 3483 -23168 3361 -30892 1875 -23168 17 -1 1912 1 1281 46336 2161 -1 1089 1 1595 -23168 1344 -23169 1329 -23168 1339 -23168 1810 1 2162 46336 2753 1 1152 -46336 2775 15446 2040 1 1793 1 1814 23168 32 1 1509 -15445 1285 -46336 1112 46336 1910 23168 
2511 
2356 
757 1419 1 
2573 
2607 
884 
3622 
845 838 -1 
2060 2977 1 1006 1 858 -1 2995 23168 798 1 
3521 3551 -11584 3548 23169 
2584 2587 -1 2592 1 
2553 
1574 278 1 
3257 
1461 1457 46336 1441 -1 1458 46336 
2817 2844 -23168 
3583 6 -1 193 -46335 102 1 269 1 257 1 2289 1 134 1 261 -1 230 -2 260 -1 909 1 220 -1 1382 1 2301 46336 276 -1 838 -1 934 -1 162 -2 1190 1 
1868 
2796 
1959 
832 819 -23169 
584 
753 2272 -1 760 -46336 1707 46336 2267 1 1099 1 2264 1 
1167 1999 -1 1053 4 1042 4 1135 -4 1052 1 1043 1 2031 -4 
40 418 -46336 
3528 
691 673 -46335 683 -23167 
3438 
61 159 46336 1794 1 2018 -46336 64 1 2146 -1 2113 46336 1407 46336 2116 -46336 2775 -15446 2117 -46336 1890 1 2768 -15446 59 -1 2777 1 31 -46336 127 46336 2753 -1 2755 -1 
194 
518 
90 1763 -46336 
3290 
1255 
2722 
3108 3109 46336 3132 23169 
2238 
981 1422 1 
633 
2727 
3029 
2305 2113 46336 2308 1 2116 -46336 127 46336 1407 46336 2309 1 2117 -46336 159 46336 31 -46336 
2240 2209 1 2236 46336 
2178 
1566 
779 748 -46336 
601 
698 
1557 
2752 2724 -1 2725 -1 2740 23167 
2253 
1629 1624 1 
3637 
1935 
3135 
2396 2373 -46335 2372 -46335 
2652 2656 -2 
3071 
290 291 -1 
3416 3424 1 3410 -1 
1298 1284 1 1281 -2 1297 -1 1285 1 
736 722 1 721 1 
1621 1498 46336 2069 -1 1438 1 
1947 1944 -1 1925 46336 1924 46336 
2014 30 15447 2076 -46336 2049 -15447 2067 30891 1182 -30891 
3281 3293 1 
1933 
1994 499 1 2154 46333 1162 -1 512 -46333 508 1 
1750 1593 -46336 
3075 
962 46 -46336 
1955 
3193 
2276 2291 -23168 2277 46336 2289 -1 2301 -46336 
2887 
3127 3120 46336 3132 23167 
2367 
3207 
2478 
1931 
1487 
3368 
548 554 1 545 1 549 46336 
483 74 -46336 
2653 2656 1 2651 -1 
569 554 46336 
252 242 -2 248 -2 
1611 
3005 2995 -23169 2994 -1 
3482 
2271 
2812 2803 1 
1592 1596 46336 1398 46336 1142 1 1572 -46336 2006 -46336 118 46336 150 46336 1586 -1 1573 -46336 1718 -46336 
1241 
1483 
2890 
3408 3415 46336 3424 -46334 
2508 
1741 953 1 
116 1332 23169 1208 1 1189 1 1281 -1 1211 1 1812 -1 1188 1 1396 -1 1285 1 1364 -1 1716 -1 148 -1 1284 1 1908 -1 
3456 3443 -23169 
3330 
3650 
3587 
1826 
3194 3178 46336 
3636 
3507 3489 2 
2714 
2510 
1951 
3409 3424 -46336 3410 46336 
2307 
3126 
3167 
1515 
892 883 -46336 
3317 
2664 
3226 
1546 
2669 
2718 
1679 291 -46336 66 46336 1053 3 1999 -3 2112 -1 1047 -46336 35 -46336 1071 46336 1953 -2 1052 3 2360 -1 1219 -46336 2354 -1 1647 1 1040 -46336 999 1 3513 1 2081 46336 1135 -3 1980 1 2031 -3 2368 -46336 1042 3 
829 825 46336 819 -23169 827 -1 
1838 
1804 1900 46336 1132 -46336 795 -46336 786 46336 
1978 
831 
3032 3025 1 
2771 2768 15445 2755 -23170 2777 23170 2775 15445 
812 825 1 
800 2156 -46336 637 -46336 786 -46336 825 46336 1006 -1 797 -46336 302 46336 1132 46336 632 46336 2028 46336 
2545 2557 1 
3286 
799 2124 -46336 
3500 
2948 2949 46336 2963 23169 
3595 
2765 
998 
2648 2651 -1 2656 1 
893 878 -1 888 -46336 
2816 2803 -23169 
3092 
185 
3155 3159 -30892 3152 -30892 
1984 1953 -46336 1980 46336 
594 600 -1 577 -1 596 -1 
331 
3222 
161 188 -23168 162 -1 
3602 3611 -46336 
1729 25 -46336 1337 23168 1760 46336 2169 -46336 
79 1027 -46336 
1098 2186 -1 497 1 1130 -1 181 -1 2154 -46336 3178 1 554 1 596 1 970 1 494 -1 522 -46336 512 46336 498 1 2794 -1 
2193 2186 -1 2200 -46336 
182 
1416 437 1 
3391 3379 30892 3361 -15447 
2882 
794 1772 -46336 
591 
2177 2204 -23168 
2417 2424 -46336 
3712 3681 -1 
3021 
1558 
1979 1953 46336 1981 -1 
555 
351 
2629 2656 -1 2628 46336 
3453 3443 23168 3451 -1 
1200 1207 46336 1908 -3 1208 3 1684 1 1812 -3 1716 -3 1332 -23167 1076 1 2740 -46336 1211 3 
778 492 -46336 858 1 825 1 181 -1 
1519 
1555 1568 46335 
922 
1302 
1451 
1484 
618 
141 109 46336 1997 11585 947 -11584 932 -46336 933 -46336 1165 11584 1389 46336 956 -11585 
3119 
3124 
2684 2688 -2 
1607 
235 
2920 
2096 2103 46336 2081 -3 
1470 
3426 
2944 2928 -30891 2935 -30891 
534 
2957 
306 317 46336 316 23168 
866 
1334 1586 -1 1910 -1 3297 30890 1573 -4 3475 2 1596 2 1814 -1 2006 -2 1398 4 3485 4 1595 1 150 4 3483 1 1142 1 3315 30892 1572 -4 1238 -1 3474 3 118 4 
438 3297 -15447 1576 1 3315 -15445 
695 699 1 673 -2 689 1 683 -23168 688 -1 
783 1036 -46336 
289 316 -23168 
2597 2614 11585 2611 -23168 2596 46336 
3086 3178 -46336 494 -1 970 1 
570 
955 957 -1 1805 1 3501 1 1901 1 956 11584 1165 34753 2029 1 947 -34753 1997 -11584 
627 609 2 
282 1766 -46336 
1443 
3146 
395 
3638 
914 923 -46336 
2421 
2591 
3174 
3626 
2851 
2426 
2362 
2927 
3596 
2802 2801 -1 2803 -23169 2794 -1 
816 823 -1 819 -23170 
217 
3064 3068 23168 3058 -1 
3324 3297 15447 3315 15446 
77 931 1 
2157 1165 11584 960 1 956 -11584 1997 11584 947 -11584 
2699 
3320 3323 -1 3297 -15446 3315 -15446 
2498 
3189 
2637 
3115 
538 
613 612 -1 609 1 
3535 
1560 1565 -46336 
561 568 -46336 
3505 3513 -1 3501 1 3515 -1 3489 -1 
1877 
379 2023 1 1319 11584 1799 -46336 381 -1 380 -23169 1895 -46336 1991 23169 
3118 
1643 
2523 2514 1 
660 
1024 1006 -1 993 -1 
2320 2308 -3 2327 -1 2309 -3 
605 600 1 
2386 2372 46336 2373 46336 2397 46336 
1762 58 -46336 
1740 793 -46336 
1231 
720 721 3 715 -1 722 3 727 46336 
3610 
2747 2744 -1 2740 23167 2725 -1 2724 -1 
3643 3634 -46336 
1104 2354 1 1855 -3 1910 3 1586 3 1498 -23167 1250 46331 1238 23170 1249 -9 1328 -11584 1329 -23170 1682 1 2360 1 1595 -3 1937 23170 1335 -11584 412 23169 2755 23170 1525 -3 1240 23167 1908 -6 2008 -11585 1875 -11585 1869 -23169 2013 -34752 2740 34751 1715 3 2161 3 1006 -23170 2048 -23170 1814 3 1692 -23168 401 1 1944 -23170 181 -46334 1852 -23170 411 1 2868 11582 1331 -23170 683 34751 689 -2 27 6 1533 23167 1888 23167 1509 -23173 878 23170 1793 -6 1842 -3 1330 -23167 2777 23167 1313 23167 1531 23167 1084 -23168 637 -46334 554 -3 1336 5791 2105 46334 1111 -1 3474 3 673 46335 3381 -11583 3483 -3 1136 -1 1889 -6 2033 46334 1724 11585 1112 46334 2768 -2 1120 -3 3060 46334 596 -6 1208 6 1285 46331 1953 -46333 1153 -3 17 6 1265 46328 1143 -1 1716 -6 2168 -23176 2040 3 2172 23167 2753 46331 1117 -46334 1681 1 1219 -6 2775 -2 3361 23174 1152 3 1980 46335 1508 -23173 1176 -3 2044 34752 1245 -23167 2173 23170 2007 23168 1179 -3 2016 -23167 2162 -3 1812 -6 1339 23164 1523 -23167 2614 3 1713 -46334 699 -2 2069 -23170 2368 -1 1340 11585 1142 -3 1438 23170 19 3 1266 46328 1882 11588 1332 23167 632 46334 825 46334 1089 -6 1907 3 1074 1 3551 17376 1841 -3 1073 1 522 46328 1811 3 2186 -1 1211 6 1284 46331 2000 23168 1172 46334 1341 17376 1725 -3 1281 -46331 1728 23176 3379 -11587 1344 -11585 1203 -46334 
564 
3683 
250 
2410 
3198 
1798 273 1 1094 -1 257 -46336 6 46336 1894 46336 162 46336 193 1 230 -1 1318 -23168 283 -46336 220 -23169 
2068 2995 23168 3060 -1 2977 1 1214 1 
1817 1852 23168 1841 -1 1760 -1 1913 -1 1725 -1 2169 1 3361 -15447 1755 1 2033 -1 1238 -1 1757 1 2041 -1 1944 -1 1117 1 2040 1 825 46335 1458 1 3379 30892 1713 1 2777 -1 632 46336 1498 1 1457 1 522 -1 2614 -46336 181 -46336 2755 -46336 637 -46336 1441 1 1525 -1 1842 -1 2105 -2 3513 -1 1112 -1 1855 -1 1937 1 
1659 1649 -1 1647 1 1664 1 
1180 1344 1 1953 -46333 2168 -8 699 -2 2105 46334 1498 -46336 1120 -6 1716 46335 1852 23167 522 -9 1089 -6 2044 -1 1142 46335 1265 46329 1533 -2 1531 -2 1438 2 1176 -3 825 -3 1523 -15445 2003 1 2172 46335 632 -3 3381 1 19 1 1006 46335 2040 3 1509 -15449 673 -2 2614 4 1713 -46334 2173 2 1586 -46335 1889 -6 3060 46336 2775 -2 2069 -2 1249 -8 1595 46335 3379 46336 1203 1 1855 -3 1525 -3 1172 -1 32 -4 2868 -23168 2161 6 1724 1 1211 -46335 1841 -3 1907 3 1250 46334 1340 -23169 1341 -23169 1329 -3 1811 3 1508 -15449 1339 -23173 3474 2 2033 46334 878 2 2016 -46335 1793 -6 1812 46335 1266 46329 1728 8 1944 -1 3551 23169 1336 -1 2145 4 1238 -1 683 -23169 554 -5 2048 -2 1285 -6 1179 -3 1908 46335 1332 23168 637 3 1284 -6 1910 -46335 3483 46335 1208 -46335 2755 23170 1715 3 1937 1 181 3 1725 -3 1331 -1 3361 2 2013 1 596 -6 1313 -23169 2008 -1 2768 -2 1980 46335 1112 46334 689 46335 2777 -23170 27 6 1814 -46335 1842 -3 2753 -6 17 6 1219 -6 1153 -1 1117 -46334 1281 6 1882 1 
2150 162 46336 230 -1 1318 -23168 257 -46336 6 46336 288 1 193 1 220 -23169 
3040 3027 -23169 
2789 2794 1 2803 23169 2788 46336 
1124 181 46336 1716 2 1332 23169 114 -46336 1907 -1 1892 -46336 2033 1 1265 3 1339 -23167 1394 -46336 1313 -23168 3361 -15447 1812 2 1329 23169 1250 3 1153 1 2168 2 2868 -23168 1725 1 1882 -1 1266 3 1944 1 1249 -46334 1281 -1 1142 -23167 596 1 1330 23168 1814 23167 1910 23167 2614 -23168 1152 -1 123 46336 1893 -46336 1240 23169 1508 2 1336 -23168 1937 46336 522 2 1245 -23169 1797 -46336 1179 1 1855 1 1796 -46336 637 46336 32 -1 2753 1 1523 -1 1344 -23168 17 -1 1120 1 27 -1 1793 1 1238 -1 2768 15446 1172 1 2755 -23168 1889 1 1715 -1 1284 1 1811 -1 1841 1 3060 -46336 1208 -2 1331 -23168 1125 46336 3379 30892 2145 1 1595 -23167 1211 -2 2301 -46336 2040 -1 1586 23167 146 -46336 1203 -1 2777 -23169 155 46336 3483 -23167 2289 -1 1112 1 2162 1 1403 46336 1498 46336 1713 -1 2161 -1 1852 23169 1908 2 1509 2 2105 -46336 825 -46336 2740 23169 1728 -2 1089 1 1176 1 1285 1 1842 1 1525 1 1219 -46336 2775 15446 1117 -1 19 -1 632 -46336 3474 23167 
575 
1448 
3223 3232 3 3216 -1 
1778 1777 -1 26 15446 1882 -1 1761 -15446 1842 -1 1841 -1 1146 1 596 1 1114 1 1852 -23169 1779 -15446 1498 1 1178 15446 
2092 
3316 
3560 
2621 2614 11584 2619 -1 2611 23168 
895 878 -46336 
2896 2903 -1 2899 23167 
3094 3178 46336 494 1 970 -1 
1254 
1601 1619 23169 
598 
1662 
588 
1014 
1459 1441 2 
251 242 1 
1758 2073 1 
702 
1828 1852 23169 1829 46336 
994 
264 220 23169 193 -1 909 -1 422 1 
3678 
48 1058 -46336 2113 -3 1407 -3 31 3 159 -3 1666 -46336 55 46336 1314 -23167 2117 3 64 3 2146 -3 127 -3 2116 3 
253 248 1 
1503 
2431 
2391 2372 -3 2384 46336 2373 -3 
1080 1117 -3 1724 -11585 1153 3 632 -46334 1586 -3 1713 -3 2368 1 3060 -46334 1944 23170 1688 46336 2614 23167 1852 23170 683 11586 1172 3 2868 -11582 1498 -23170 2033 3 17 -6 1250 6 522 9 689 2 699 2 3551 -17376 1340 -11585 637 46334 825 -46334 1811 -3 181 -3 2000 -23168 1330 -23170 1869 23169 1336 17376 2354 -1 1328 11584 1136 -46336 1265 9 1284 6 1715 -3 1910 -3 1793 6 1249 -46328 2105 3 2775 2 1211 -6 1682 46336 1728 23158 3381 11583 1525 3 1980 2 1595 3 2768 2 1084 23168 1120 -46331 1953 -4 1074 46336 1179 3 1143 -46336 1344 11585 2173 -23170 2040 -3 1937 -23170 2753 6 1238 -23170 3361 23163 1814 -3 3379 -34750 1285 6 2162 -46334 1531 -23167 1533 -23167 2008 11585 2013 34752 1332 23170 1875 -34752 2016 23167 1266 9 2069 -23167 1438 23167 1855 3 2161 46331 1692 23168 1907 -3 596 6 1245 -23170 27 -6 1508 23173 1725 3 1142 3 1908 6 1219 6 2740 -34751 1329 3 1812 6 1313 23170 1335 11584 1089 6 1882 -11588 1889 6 1240 23170 1888 -23167 1841 3 411 -1 3483 3 2360 -1 1339 23173 1331 -23167 1712 -46336 1112 3 2044 -34752 2168 -23158 1719 -46336 1203 -3 1716 6 2048 23170 1208 -6 878 -23170 19 -3 1842 3 1341 -17376 401 -1 1176 3 554 -46334 673 2 1006 23170 3474 -3 1152 46334 1509 23173 1281 -6 2172 -23167 412 -23169 2007 -23168 1523 23167 
2053 3361 -1 3474 1 2052 -1 2755 23168 2021 -1 128 -1 160 -1 1089 1 596 1 1889 1 1893 -1 1336 11584 1408 -1 554 1 1341 -34753 1793 1 2753 1 30 -1 1219 -46336 125 1 158 1 2289 1 3551 34753 123 1 32 1 3381 -23169 27 -1 2301 -1 2044 -23168 2008 23169 2775 15446 1250 -1 1329 -23168 157 1 2013 23168 2168 1 2145 -1 126 1 2149 1 155 1 1797 -1 1724 -23169 2768 15446 2020 -1 1281 -1 1120 1 1284 1 1796 -1 1403 1 3488 -1 1892 -1 1405 1 17 -1 3379 23169 1406 1 2049 1 1728 -1 1285 1 2148 1 2161 -1 2614 23168 3485 1 2777 -23168 522 1 
2535 
2318 
3097 
3708 3681 2 
2407 
2196 
2266 
3011 
216 209 -46336 
1964 
2883 
3577 
1473 1488 30891 1495 30891 
1522 1508 -15447 1509 -15447 1531 1 1525 -2 1523 -15445 
3307 
2466 35 1 1219 1 66 -1 291 1 
301 
1616 1623 -1 1619 -23170 
176 188 -23170 183 -1 
2482 2488 46336 2492 23168 
2346 
1234 1238 1 1248 -46336 1219 46336 1240 46336 
2471 
846 
2634 
2347 
1550 
292 316 23169 293 46336 
517 522 1 516 46336 513 1 
896 883 23168 
2394 
541 529 1 
1480 
1871 
1296 1281 -3 1303 -1 
1972 
1969 1981 -46336 
2873 
3563 
1201 1882 1 1281 1 1852 -23168 1285 -1 1716 46336 1108 1 596 -1 1208 -46336 1841 1 1842 1 1284 -1 
254 
2848 2844 23168 
2886 
586 596 1 
2231 2224 -1 2236 -23170 
615 
557 
2566 
614 
3669 
1085 1498 -23170 1910 46334 1713 46334 3551 40546 1136 1 1336 28961 1693 -1 2007 23169 2868 -11582 699 2 3483 -46334 1531 -23167 412 -23169 1238 23167 401 -1 1084 -23169 2008 -11582 1117 46334 1953 -4 1340 34752 2753 -46331 1509 -23164 637 46334 1211 -6 1344 11585 2013 -34755 1869 -23168 1179 3 1341 17376 17 -6 1888 23170 411 -1 1908 6 2032 1 1266 -46328 1793 6 1882 -11588 1143 1 1907 -3 1329 -46334 1330 23167 1313 23170 1172 -46334 1814 46334 1284 -46331 1240 23170 2614 23167 683 11586 1980 2 2048 23170 1875 11585 1944 23170 2044 34755 596 6 27 -6 1285 -46331 2768 -46335 2354 -1 1682 -1 3361 -23177 1120 -46331 825 -46334 181 -3 1208 -6 1153 3 2360 -1 1595 -46334 673 2 1281 46331 2368 1 1586 46334 1812 6 3060 3 2039 1 689 -46335 2775 -46335 3474 46334 1245 -23170 1855 3 1716 6 2033 -46334 1533 -23167 878 -23170 1841 3 1725 3 554 -46334 1692 -23169 2069 -23167 1203 46334 1332 -23167 1219 -46331 1728 23158 3379 -11580 1335 -34753 1089 6 522 9 1142 -46334 1525 3 632 -46334 1523 -23170 1328 -34753 2161 46331 2173 -23170 1152 -3 2105 -46334 2016 23167 1937 -23170 1250 -46331 1889 6 1811 -3 1265 -46328 1006 23170 2172 -23167 2162 3 1438 23167 1074 -1 2168 -23158 2040 -3 3381 34750 19 -3 1724 11582 1112 -46334 1508 -23164 1339 23173 1842 3 2740 -34751 2000 23169 1249 9 1176 3 1331 23170 1852 -23167 1715 -3 
432 435 3 1352 1 2152 -9 439 46336 1672 -46336 1160 -3 999 -1 715 -46336 3315 -15445 909 1 3297 -15447 1064 -46336 448 9 
3278 
1539 
243 248 -2 242 -2 
3104 3099 -46336 3096 1 
2756 2768 -15446 2777 -1 2757 -1 2775 -15446 
2322 2321 -1 2309 -1 2308 -1 
898 
2422 
2439 
879 
1375 
2543 
1194 500 1 
2302 
346 
551 
2385 2397 1 
2997 
3116 
313 
982 406 46336 494 -1 1582 -46336 970 1 302 1 3178 1 
872 
3313 3323 -1 3315 -15446 3297 30891 
2914 
874 
3502 
700 699 46336 673 -46336 683 -1 689 46336 
1518 
1642 
3231 
3066 
2554 
1447 
339 325 -46335 324 -46335 322 -46335 
552 
2310 
1251 
3439 
995 
295 291 1 
3400 
634 
1603 
1423 1045 -46336 
417 1160 1 2152 3 448 -3 435 -1 8 1 
988 961 2 2209 2 1998 -46336 2236 -1 1326 23169 14 -2 
2315 
3492 3489 1 3493 -1 
2931 2928 15445 2935 15445 
1843 1852 1 
2326 
2226 2236 23168 2237 46336 
3101 3096 1 
2101 
1926 
1630 1438 -1 1498 1 2069 1 
2561 2592 46336 
1516 
2299 2291 23168 2301 46336 
2655 
1862 
3605 
936 429 -46336 
178 188 23168 189 -1 
2344 
2221 
1795 1265 23170 1285 1 92 23169 1089 1 1937 -23169 2168 1 1508 1 1211 -1 1713 -23169 1120 1 1339 -34752 1728 -1 1910 34752 3315 -7723 1313 34753 1250 1 3060 -23168 1249 -23167 1176 -23168 3361 -15446 1908 1 1716 1 19 23168 1525 23169 2033 23169 1509 1 1266 23170 1208 -1 2768 15446 596 1 2753 1 1715 23168 2040 23168 1112 23169 1811 23168 825 23169 522 -23167 93 1 554 23169 1331 -11584 1725 -23168 27 -1 2019 -1 1117 -23169 1907 23168 1372 -23168 1586 34752 17 -1 1142 -34752 1362 1 1814 34752 2740 -11584 1364 1 2105 23169 637 -23169 1841 23169 91 1 1498 23168 1203 -23169 1153 -23168 1812 1 1944 23169 2775 15446 1179 -23168 1523 -23169 1987 -23169 3474 -11585 1332 34753 1336 34753 1219 1 3297 -30891 1793 1 3379 7723 3483 -34752 1882 23168 1284 1 181 23168 2161 -1 1315 -11584 1373 1 632 23169 1172 23169 1891 -1 1329 -23168 1855 23169 1889 1 1852 34753 1842 23169 2868 -11584 1281 -1 1595 -34752 1238 11584 
3294 
1631 
3009 3027 -23168 
3404 
240 248 3 242 3 247 -1 
2589 2592 -46336 2587 -1 
1524 
3663 
3662 
3447 3440 -1 3443 -23170 
712 715 -46336 
2465 2492 23169 
21 1409 -46336 1173 -23168 1333 11585 1427 23168 
3660 
3411 3424 -2 
281 1734 -46336 
2269 2267 -1 2272 1 
2675 2688 46335 
1102 632 -1 2030 1 302 -1 878 -46336 637 1 989 -1 977 1 1006 46336 
3043 
771 76 1 
3016 
3644 3634 46335 3640 -2 
854 
3592 
350 
1002 
1973 
1636 1647 -1 1664 -1 1637 -1 
3564 
3188 
3620 3640 46336 3634 -1 3621 46336 
2219 
2670 
1035 1980 1 655 -46336 1953 -2 751 -46336 
1493 1498 1 
389 388 -1 412 3 411 5 392 1 401 5 
2015 2168 -1 1509 30891 159 -30890 269 -1 162 2 2131 30891 1531 -1 3381 -23168 838 1 2008 23168 6 1 2116 30890 1937 46336 1533 -1 1438 1 909 -1 934 1 257 -1 276 1 134 -1 1728 1 1006 46336 127 -30890 2289 -1 1508 30891 2069 -1 1382 -1 261 1 2048 -1 1523 30891 2173 1 1407 -30890 193 46335 3551 3861 1341 11584 3361 30893 1869 1 230 2 102 -1 1183 -30891 1498 -1 1724 -23168 2013 -23168 2117 30890 260 1 3379 7722 2044 23168 2301 -46336 1190 -1 220 1 2140 1 1944 1 1336 -11584 878 1 
71 355 1 
2760 
2392 2397 1 2393 -1 
559 
687 
2799 
2179 
62 2050 -46336 
2 1250 -46336 2775 15446 2777 -1 1285 -1 1314 23169 1284 -1 2753 -46336 1219 46336 2146 -1 33 1 162 -1 2755 -46336 1407 46335 64 1 31 -46335 159 46335 2768 15446 2116 -46335 1281 1 2614 1 2117 -46335 2113 46335 127 46335 2434 -1 
2791 
1938 1924 46336 1925 46336 1937 -1 
2099 2081 2 
2954 
828 819 1 
3380 
2945 2963 23169 
2907 2897 -1 2899 -23169 
2208 2204 -23169 
3431 
2102 
1464 1441 -1 1458 -1 
2681 
2284 
2829 
2986 
3282 3291 1 
1268 
2369 2373 -46336 2372 -46336 
3664 3671 -1 3677 3 3666 3 
2828 
3392 3361 30891 3379 -15446 
1471 
2781 2755 -1 2769 1 2777 1 
402 411 1 
2275 
2447 2434 -1 
2879 
562 554 -1 545 -1 568 46336 
321 325 1 324 1 322 1 
1600 2614 -1 1509 -1 1531 1 118 46336 1523 1 3474 -3 1398 46336 3485 -4 3297 -30890 1508 -1 406 46336 1586 -46336 1438 -1 2166 -46336 1814 -46336 1910 -46336 1498 1 1572 -46336 1142 46336 1595 46336 2006 -46336 1533 1 1238 1 2069 1 3483 46336 1573 -46336 3315 -30892 1596 46336 3475 -2 150 46336 
789 1420 -46336 181 -1 302 -1 3285 46336 
3701 
2616 2614 11584 2619 -1 2611 23168 
2174 1006 46336 2080 -46336 30 -15446 1498 -1 2067 15446 1937 46336 2049 15446 1438 1 1182 -15446 2069 -1 1944 1 
1652 
237 
2507 
2408 
99 1265 -23161 1586 34749 3060 -23166 3297 -30891 522 -23161 193 -1 1987 -23168 3474 -11588 1315 34753 2768 30893 1908 5 27 -5 1373 1 2040 -23171 2753 5 1855 23171 1882 23166 1117 -23171 1715 -23171 1379 -1 2740 -11583 825 23171 1944 23171 1313 -11583 1089 5 1595 -34749 1179 23171 131 -1 1716 5 596 5 1172 23171 69 1 1841 23171 291 1 17 -5 1523 -23171 1372 23169 1907 -23171 1332 -11583 3379 -7722 181 23166 1249 23176 1812 5 1284 5 1509 5 1211 -5 19 -23171 1142 -34749 3315 -7723 1219 5 1937 -23171 2755 -1 2033 23171 1362 1 3483 -34749 1208 -5 1176 23171 1250 -46332 632 23171 2168 5 637 -23171 1728 -5 1910 34749 1852 34754 92 23168 1112 23171 1713 -23171 1336 -11583 1153 23171 68 1 554 -23166 1339 11588 2161 -5 1238 11583 1793 5 1266 -23161 1498 -23171 1329 23171 2614 -1 2868 -11583 2105 -23166 1331 34754 1525 23171 2775 30893 1811 -23171 1508 5 1725 23171 1285 5 1281 -5 1842 23171 3361 15444 220 23169 1120 5 1889 5 1814 34749 1203 -23171 
3156 
352 325 46336 324 46336 322 46336 
3495 
1174 118 46333 150 46333 1398 46333 2006 -46334 1596 46334 1587 -46336 1572 -46333 1573 -46333 
374 1575 1 
739 75 -46336 
1490 1495 -30891 1488 -30891 1501 -1 
2239 
1639 
2749 2744 -46336 
2770 2768 15446 2777 23167 2769 -1 2755 23170 2775 15446 
537 
2594 2614 -1 
1306 
3157 
319 
226 
2319 
3180 
574 
859 851 23168 861 46336 
3405 
1567 1549 46336 
3328 3297 -15446 3315 -15446 
979 1166 -46336 2236 46336 14 -2 1326 23170 2209 -46335 961 2 
1632 1498 46336 1619 -23169 2069 -1 1438 1 
2444 
1839 
398 406 -1 
805 819 -23168 804 -1 
3267 
642 
1504 1488 15446 1495 15446 
3651 
1004 1006 46336 
2406 
2785 2803 -23168 
3150 
1511 
3346 3355 1 
2538 
2641 2651 -1 2656 1 
3554 
2533 2547 23169 2532 -1 
1813 1425 1 1109 -1 1457 1 2614 -46336 181 46336 1909 -1 1333 11584 1435 1 1458 1 1427 23169 1498 46336 1173 -23169 1441 1 
3204 3232 -1 3205 -1 
3076 3096 -1 3099 46336 3077 46336 
3213 
2773 
2517 
225 248 -1 242 -1 230 -1 
1658 
664 669 -46336 
1244 1245 23169 1240 -23169 1248 46335 1238 -23168 
2358 
38 258 -46336 
3385 
918 
2831 
2297 
409 
2913 2928 -15446 2935 -15446 
2395 2372 46336 2373 46336 2397 46336 
2215 
3514 
2530 
229 248 -1 230 1 242 -1 228 -1 
1663 
1655 1648 46336 1647 4 1664 3 
327 322 -1 
1768 442 -46336 
2228 2209 -1 2236 -23168 
2551 2547 -23170 2544 46336 
1453 
1276 1249 -46336 1250 46336 1266 46336 1265 46336 
1012 
2230 
2298 
3612 3613 -2 3611 -2 
239 
3254 
3107 
2555 2557 46336 2547 23168 
2435 
2164 1908 1 1211 -1 1812 1 1716 1 2209 -46336 2236 23168 1216 1 1208 -1 
2950 
1832 
2087 
280 1702 1 1094 -1 273 1 
3199 
2974 
1020 993 2 
2198 
2577 2587 -1 2592 1 
81 2019 -1 1091 1 93 1 
1301 
1945 
3601 3613 1 
3015 
1169 825 46336 2161 -2 2033 46336 1882 -1 1117 -46336 1107 -46336 2755 23169 1238 -1 1842 -1 554 -1 1715 -1 1120 2 1336 -23168 1725 -1 1855 -1 2168 2 2040 1 1937 1 2105 -1 632 46336 1250 -46336 3379 -15445 3361 -15447 1944 -1 1852 23168 637 -46336 1176 1 2614 23169 1841 -1 1728 -2 181 1 1525 -1 1713 -46336 1498 1 522 -1 2777 -23169 1112 46336 1329 23168 
156 1120 2 2048 -1 838 -1 1725 1 124 -1 1533 -1 1724 -23168 1408 -2 1339 -23167 2172 -1 1341 -34753 1525 1 1281 46335 2016 1 2777 -23168 2105 1 2033 -46336 2040 -1 1715 -1 1089 2 1323 -1 3475 1 19 -1 2069 -1 596 2 1142 -46335 1944 2 1523 15444 2768 -15445 181 -1 2740 23169 1531 -1 27 -2 1811 -1 878 1 269 1 220 -1 193 -46335 1208 -2 2868 -1 699 -1 1313 -23168 1910 46335 1728 -1 6 -1 934 -1 632 -46336 1980 -2 2289 1 3381 23169 1340 -23168 1331 23169 1889 2 2173 1 1250 -46335 162 46335 260 -1 1190 1 2161 -2 2149 2 2008 23168 1869 -1 2013 23169 637 46336 1841 1 1989 1 3488 -2 1176 1 1852 -23168 1336 11585 1332 23169 1814 46335 1203 46336 160 -2 1172 -46336 1713 46336 3060 -46336 1329 1 1404 -1 1006 46336 3474 2 1937 -2 1953 4 1238 -1 1211 -2 1117 46336 1988 1 102 1 3483 -46335 1316 23168 1249 3 764 -1 230 -2 1716 2 909 1 3485 4 276 -1 2753 -46335 1382 1 3361 15446 673 46336 1595 -46335 1266 -46334 3551 -34753 134 1 1265 -46334 1793 2 2755 -23169 128 -2 1112 -46336 2301 -1 683 46336 554 1 522 -46334 1855 1 1882 1 1163 -1 1812 2 1888 -4 1285 -46335 1317 23168 1875 -2 825 -46336 1438 1 2044 -23169 1508 15448 2775 -15445 2148 2 1219 -46335 261 -1 257 1 2168 1 1284 -46335 3379 -7723 689 -1 1153 1 1179 1 17 -2 1908 2 1995 1 1842 1 1509 15448 1344 -23168 1907 -1 755 1 1586 46335 1498 -2 
710 
837 836 -1 851 -23168 
272 257 -3 193 -3 220 -23167 230 3 1670 1 279 -1 162 3 1062 1 6 3 
2559 
3314 3323 1 
2690 
3312 3297 15444 3315 15445 3319 -1 
1280 1265 -46336 1250 -46336 1266 -46336 
818 827 1 
2976 2963 -23169 
2666 
227 
2245 2244 -1 2272 -1 
3641 
2540 
776 428 1 
2442 
3710 
1848 1855 1 1852 -23169 1842 -1 
1985 1882 23168 2614 23168 1438 -1 689 1 1340 23168 1006 1 673 1 2016 -1 1937 1 3474 -23168 1341 -11584 1875 23169 28 1 1523 30892 32 2 2868 23169 2168 1 1724 23168 1336 11584 2048 1 2069 1 699 1 3379 -23168 3361 -1 1953 -2 2145 -2 1313 23169 1595 23168 2008 -23168 1814 -23168 2044 -23168 1344 23168 1498 1 1944 -1 1910 -23168 2172 1 1980 1 1533 1 1586 -23168 1238 23169 1142 23168 1508 30891 1728 -1 2013 23168 3381 23168 3483 23168 2173 -1 1509 30891 1888 1 878 -1 3551 -11584 683 1 1531 1 
940 781 1 
215 220 23167 208 -1 
666 
1497 
2086 
1418 501 -46336 
184 189 1 
3322 
2411 
3212 
2536 
2929 2936 1 
408 401 1 
2203 2204 23168 2200 46336 
1941 
847 838 1 
2234 
1026 1219 46336 35 46336 47 1 2434 -1 291 46336 66 -46336 
2531 
2329 
3537 3548 23168 3547 46336 3551 -11585 
1013 
2312 
2779 2775 -30891 2768 -30891 2755 -23166 2769 -1 2777 -23171 
2340 2368 -1 2341 -1 
1253 1249 -46336 1252 -1 1250 46336 
2432 2423 -30891 2416 -30891 
3627 
2939 2936 46336 2935 -30891 2928 -30891 
767 2123 1 
167 162 46336 
1003 
3072 3068 -23169 
2878 
3270 
705 722 -1 721 -1 
2303 
2970 
3276 3285 46336 
1440 1173 23169 1427 -23169 2165 -46336 1333 -11584 
2343 
3418 
3219 3232 -2 
1455 
386 
1351 
3377 3379 -15446 3387 -1 3361 30891 
1016 1009 1 
3338 
2183 
911 
2604 
1844 1852 -23169 1841 -1 1842 -1 
3672 3677 -46336 
628 
419 193 1 392 1 72 -46336 291 -1 220 23168 
1971 1953 -46335 
824 827 -1 819 23168 
3067 3058 1 
2658 
1976 1981 -46336 
1288 
2678 
2908 2899 -46336 
733 721 1 
2943 
3265 3293 -1 3291 -1 
3412 
2280 
3523 
908 
1343 3551 -30892 2131 30892 159 15447 1407 15447 127 15447 2116 -15447 2117 -15447 1183 -30892 
1226 
108 1006 46336 140 -1 637 1 772 1 773 1 632 -1 2028 -1 825 -1 786 -46336 1324 23169 797 1 302 -1 1132 46336 1388 -1 
3063 3056 46336 3068 23167 
913 923 46336 915 -23169 
2620 2614 1 2611 1 
1468 1441 2 
2562 
853 
2213 2212 46336 2236 -23168 
1966 
2503 
3632 3634 3 3640 3 3639 -1 
3432 
2663 
1482 
3252 
2709 
3698 3707 -46336 
2211 
2436 2437 46336 2449 -1 2459 -1 
2991 
3233 3251 -23168 
644 658 -1 645 46336 655 1 669 46336 
2700 
2824 
3442 3451 1 
2317 
3362 
3149 
3581 3569 1 
1633 1647 -1 1664 -1 
1262 
1563 1565 46336 1568 -46336 
1228 
1018 
1376 1373 1 1362 1 1364 1 
1530 
2137 1759 -46336 
726 
2480 35 -46336 291 -46336 1219 -46336 2487 -1 66 46336 2492 -23170 
3414 
1830 
3246 
524 
694 
2872 2866 -1 2868 23167 2852 -1 2853 -1 
2375 
3153 3160 -46336 
2585 
1620 
2163 1842 -1 1509 -2 1508 -2 181 -46336 1882 23169 1523 1 2614 23169 1841 -1 1184 -46336 1937 -46336 2753 -2 1266 46335 2768 -30892 1944 -1 1715 1 3379 30891 1713 1 2040 1 1238 23169 825 46336 3474 -23167 2168 -2 2033 -1 1852 -23169 1265 46335 1329 -1 1281 -46335 522 -3 1089 -2 2105 -1 1179 -1 1855 -1 1498 -46336 3551 23168 3483 -23170 1142 -23170 596 -2 1814 23170 637 -46336 3361 -15445 1344 23170 2755 23169 1112 -1 1595 -23170 2145 2 1176 -1 1249 -2 1284 46335 27 2 1219 46335 1336 23168 17 2 2161 2 1120 -2 1117 1 1525 -1 1793 -2 1285 46335 32 -2 1875 -23169 1728 2 1910 23170 1889 -2 1888 -1 554 -2 1907 1 1811 1 2775 -30892 2777 23168 1725 -1 632 46336 1586 23170 1339 23167 
3518 
1850 1852 -23168 1841 1 1842 1 
2715 2717 -1 2689 46336 
3472 3479 -1 3475 1 3485 5 3474 -46332 
728 721 1 
1261 
3248 3255 -1 3251 23167 
3069 3060 -46336 3058 -1 3068 23168 
2446 
3624 
2515 2524 1 
1411 85 -46336 2614 -1 
3399 
2235 2236 -23169 2237 -1 
2489 
2111 2081 46336 2112 -1 
2223 
2869 
221 209 1 
1271 1264 -1 1249 46334 
3684 3685 -1 3681 1 
484 499 -1 512 -3 1386 1 485 -1 106 1 2154 3 138 1 1162 1 
2711 2689 -3 2704 -1 
1553 1565 -46336 
3680 3677 -46336 3666 -46336 
3705 
648 
2716 2689 -46335 
3588 3589 -1 3613 -1 3611 -1 
3450 
3398 
2085 2084 -1 2081 -46336 
2612 
3427 
2754 2753 -1 2755 -1 2775 -15446 2768 -15446 2777 1 
3142 
2818 
3262 
990 2062 -46336 
3228 3232 -2 
697 
2617 
652 
2745 
3295 
3487 
166 162 -46336 
3531 
3158 
3618 
646 
3123 3132 -46336 
3206 
1496 1501 -46336 
1446 
2070 1598 1 
3580 162 -46335 6 -46336 260 -46336 838 1 193 -2 134 46336 257 46336 909 -1 269 -1 261 -46336 276 1 102 46336 934 1 2301 1 2289 -1 1382 46336 230 2 220 1 1190 -1 3570 46335 3569 46335 
1304 1285 46336 1284 46336 1297 1 1281 -46336 
2420 
1229 
667 658 -46336 
2300 2291 1 
2923 
2325 
1654 
939 909 -1 838 1 1869 1 749 1 934 1 269 -1 3501 1 
2971 2961 -1 2963 23168 
2484 
891 888 46336 883 23168 
2806 
1727 2129 -1 1119 1 2136 1 
3670 
2891 
2959 
1365 
1986 31 2 2116 2 2146 -2 2113 -2 1407 -2 64 2 60 -46336 159 -2 1314 23169 127 -2 2117 2 
2631 
390 
2461 2449 1 
426 488 -46336 
1164 637 -46335 2028 46335 1006 -2 632 46335 1132 46335 786 -46335 825 46335 1324 23168 787 1 797 -46335 302 46335 
3403 
2924 
1930 
3574 
636 609 2 
206 
2247 
1000 999 -1 
3022 
3171 
1746 1458 46336 2169 46336 1441 -1 1757 46336 825 -46336 3551 1 1145 -46336 1760 -46336 1457 46336 2041 -46336 2105 -46336 
3164 3159 15445 3152 15445 
2286 
2668 
3607 3613 3 3611 3 3600 -1 
2491 2492 23168 2488 46336 
3449 
984 2030 46336 989 -46336 878 46336 302 1 1710 -46336 632 1 1006 1 637 -1 
1949 1937 -46336 
1300 1284 -1 1281 1 1285 -1 
1369 
3269 3293 -1 3291 -1 3268 46336 
1634 
3693 
2323 2309 -46335 2308 -46335 
2520 2524 23168 2514 -1 
1754 2810 -1 2105 -46336 1882 -1 1785 -46336 
3463 
2104 2105 -46336 2109 -46336 
1585 150 46336 1586 -1 1573 -46336 1398 46336 3178 -1 1142 1 118 46336 494 1 1596 46336 1572 -46336 970 -1 2006 -46336 1110 -46336 
2902 
3006 2995 -23169 2977 1 
2311 
975 1038 -46336 
2463 
623 
270 966 1 
1936 1925 -3 1943 46336 1924 -3 
198 193 46336 220 -23168 
2774 
405 
1291 
1312 1281 -1 
3688 
245 
2257 2267 -1 2272 1 
1547 
1857 1888 -1 
1552 1568 -46334 1559 -1 1549 1 
3697 3707 -1 3681 -1 
3237 3251 23169 3236 46336 
2615 2608 -1 2611 23167 2614 11582 
3088 3096 3 3099 3 3095 -1 
3221 
3238 
1542 1190 -1 276 1 
2338 
3445 
2805 
2556 2547 1 
1532 1509 15447 1523 15446 1508 15447 
2100 
2125 1549 46336 2081 46336 1869 -1 959 -46336 2112 -1 
3598 
882 883 -23169 888 -1 
2558 
1005 
2047 3551 -11585 2048 -1 1855 1 2013 23169 1724 23169 1944 1 3361 30893 2044 -23169 2168 -1 3379 7722 1119 -46336 2173 1 2069 -1 2129 46336 1728 1 1006 -1 1438 1 1937 -1 1498 46336 1336 -11584 1341 11584 2008 -23169 2141 -46336 3381 23169 
1279 
2758 
2182 
3137 3152 -15446 3159 -15446 
3053 
1690 26 -3 1783 1 1761 3 1082 -1 1776 1 
701 689 1 
2636 
3100 3096 -2 3099 46335 
51 2146 2 2116 -2 1407 2 1154 -46336 2117 -2 2113 2 127 2 159 2 64 -2 31 -2 1314 -23168 
3509 
1017 
328 
2915 
856 861 -46336 
1927 
3057 3068 23168 3058 -1 
2443 
1536 1523 -15446 1509 -15446 1508 -15446 
2630 
1260 
821 
2772 
1780 1852 23169 1842 1 596 -1 1210 1 1841 1 1882 1 
2830 
2694 
3476 
407 412 -1 401 1 400 -1 411 1 
2800 2807 46336 2803 -23170 
868 869 -1 883 23169 
13 947 34753 1997 -34752 1165 -34753 956 34752 2434 -1 929 1 
2748 2724 2 2725 2 2740 -23166 
2930 2928 15446 2936 -1 2935 15446 
820 
3389 3379 -1 3387 -1 3361 1 
1454 
3614 
486 266 1 
1086 2049 3 2064 -46336 30 -3 2071 -46336 1694 46336 
2542 
3041 3068 23169 
2798 
1940 
503 2186 1 2154 -9 1162 -3 512 9 496 46336 1066 -46336 1674 -46336 499 3 
353 380 23169 1319 -34753 1991 -23169 7 -46336 
2733 
792 632 46335 1708 -46336 858 -1 825 46335 302 46336 2028 46336 797 -46336 637 -46335 1006 -1 181 1 
1235 1248 46335 1245 23168 1240 -23168 1238 23168 
2332 2308 -46335 2309 -46335 
583 
2876 2853 2 2852 2 2868 -23167 
246 
3258 
3691 
3196 3195 -2 3192 46335 
2359 2354 -1 2352 -1 2360 -1 2368 -46333 
2877 2868 23167 2866 -1 2852 -1 2853 -1 
1580 790 -46336 
2090 
2243 
2075 1918 -46336 1150 46336 2066 -46336 1822 -46336 
3571 3570 46335 3569 46335 
875 
2894 
3558 257 -1 193 -2 276 1 2301 -46336 934 1 230 2 261 1 909 -1 838 1 134 -1 1382 -1 2289 46336 260 1 162 2 269 -1 6 1 220 1 102 -1 1190 -1 
2241 2272 46336 
927 
2158 14 -1 673 -1 1326 23169 961 1 699 -1 878 1 689 -1 3315 -30892 3297 15447 3485 -5 992 1 3475 -2 406 -1 3488 1 3178 1 683 -23169 1006 46336 3474 -5 2236 -1 2209 2 
2010 1788 1 1779 -15446 1761 30890 26 -30890 1178 15446 
1626 
2858 
3084 
3019 
2077 554 1 2049 30891 1796 -1 2008 23169 1498 -1 1892 -1 1724 -23169 1284 1 1120 1 522 -46336 1336 11584 1797 -1 2301 -1 3379 23169 2145 -1 1408 -1 1281 -1 1889 1 123 1 2755 -23169 2148 1 3474 1 2046 -46336 30 -30891 1893 -1 1855 1 155 1 3488 -1 2067 -15446 2161 -1 1182 15446 2069 -1 3551 34753 125 1 596 1 3381 23168 2044 -23168 1728 -1 1793 1 1329 -23168 17 -1 1438 1 2020 -1 2149 1 1219 -46336 1341 -34753 1089 1 2013 23168 128 -1 1937 46336 1006 46336 2289 -46336 160 -1 2777 23169 1403 1 27 -1 2021 -1 1150 1 3060 46336 1944 1 1285 1 1405 1 157 1 2066 -1 1250 -1 3361 -1 2168 1 32 1 2768 -30891 2614 -23169 2753 -46336 2105 -46336 3485 1 2775 -30891 
1939 1925 2 1924 2 
2827 
3229 3217 1 
654 
2455 2459 3 2448 46336 2449 -46334 
1452 
11 2868 -23168 1323 -34752 1163 23169 755 -23169 737 1 
344 325 46336 324 46336 322 46336 338 46336 
3370 
2841 
815 
2639 
2255 
806 
3143 
3061 
147 2740 -23169 115 -1 17 46331 1336 23170 1266 -46328 2105 3 1523 -3 1157 1 1907 -3 3060 -46335 1285 -46331 1176 3 2168 6 1888 -1 1855 3 825 -46334 596 6 1238 23167 1284 -46331 1211 46333 1498 -3 3361 -2 1842 3 3474 -23173 2149 2 2033 -46334 2753 6 1408 -2 522 -46328 2777 23170 1814 23164 2614 23167 1509 6 1586 23164 3488 -2 1525 3 1889 -46331 1908 -46333 632 -46334 1715 -3 3483 -23164 1508 6 1117 46334 2161 -6 1944 3 1811 -3 1332 -46336 554 4 1313 1 27 46331 32 2 1153 2 1142 -23164 1937 46334 1713 46334 1331 -23167 2040 -3 3379 1 1841 3 1329 -46334 637 46334 1728 -6 1793 -46331 160 -2 1882 -23170 1250 -46333 1339 23173 1172 -46335 1120 6 1812 -46333 1716 -46333 1395 -1 1595 -23164 2145 -2 1203 46335 1875 -23169 2775 2 2868 23168 181 -3 1852 23170 1316 -23168 1281 46331 2148 2 1179 3 1910 23164 1317 -23168 1219 6 128 -2 19 -2 1725 3 1208 46333 1112 -46334 1156 1 2755 -23170 1089 -46331 1249 9 1265 -46328 3475 -1 2768 2 
2115 95 -46336 
3042 
2107 2081 -1 2109 46336 2105 46336 
3464 
576 545 46336 554 46336 
2232 2237 -46336 
1873 1880 1 
2210 
3161 
2519 2524 23167 2512 46336 
1774 986 1 
1922 
82 3315 -38614 1249 -23176 1716 46332 1498 23171 2033 -23171 1728 5 1153 -23171 1882 -23166 2768 -30893 1203 23171 1176 -23171 1910 11588 596 -5 2040 -23166 1372 -23169 3483 -11588 1238 34754 2168 -5 1525 23166 1089 46332 3060 23166 1523 23171 1725 23166 1907 23171 1987 23169 2753 -5 632 -23171 1265 23161 637 23171 1595 -11588 1266 23161 1172 -23171 1793 46332 1811 23171 2161 5 1332 11583 1250 46332 1362 -1 554 -23171 1208 -46332 2105 -23171 19 23171 3474 11588 1281 5 1373 -1 1313 11583 1336 11583 1889 46332 27 -46332 1586 11588 1315 -34753 825 -23171 2775 -30893 17 -46332 181 23171 1842 -23171 1852 -34754 1908 46332 2019 1 1814 11588 1713 23171 1509 -5 3361 30893 1508 -5 1112 -23171 1812 46332 1142 -11588 1219 -4 2740 11583 1179 -23171 1715 23171 522 23161 1855 23166 1120 -5 1211 -46332 2868 11583 1284 -5 1944 -23171 1331 11583 1123 1 1841 -23171 92 -23169 3297 -15446 93 -1 1329 -23171 1339 -11588 1937 23171 1285 -5 1117 23171 3379 7722 
1916 1329 1 3551 -11585 2145 -2 1509 15444 2173 -1 17 -2 1793 2 2069 1 1724 -23170 1875 -23169 3474 23170 1238 23170 1339 23169 2753 -46335 1980 -46336 699 2 1120 2 683 1 1937 1 32 2 1508 15444 3361 -1 1888 -1 1498 1 2013 -23169 1281 46335 2161 -2 1531 1 2777 -23168 2172 1 2168 3 1438 -1 1953 46335 3381 23167 2614 -23171 1341 -11584 3379 23169 1284 -46335 1089 2 1285 -46335 1250 -2 1595 23167 673 2 1814 -23167 2044 23169 1344 23168 1533 1 3483 23167 1889 2 1944 -1 1820 -1 1006 1 2755 -23169 554 -46335 1523 15447 1728 -3 878 -1 1910 -23167 2008 23170 1336 -11585 2775 -15445 1882 23169 2011 1 1219 -46335 689 -46335 1142 23167 522 2 2016 -1 1586 -23167 596 2 2768 -15445 27 -2 2048 1 
2098 2109 46336 2105 46336 2081 -1 
1476 1477 -1 1488 -15446 1495 -15446 
2732 
1273 1266 -2 1250 -2 1249 46335 1265 -2 
2428 2416 15445 2423 15445 
1859 
801 819 -23168 
3244 
404 
515 
2460 2459 -2 2449 -2 
495 1034 -46336 
314 
1864 
2451 2459 -2 2449 46335 
2333 2321 1 
1278 
862 858 -1 
967 366 1 
1434 1781 1 
1606 
2330 
312 317 -46336 
1802 498 46336 1898 46336 1130 -46336 507 -46336 
1635 
3516 3489 2 
1879 1872 46336 1888 3 
2703 
3047 
1934 
950 1581 1 
647 655 -1 
3218 3217 46336 3232 -46336 
370 2023 -46336 381 46336 1127 -46336 380 23168 1319 -34753 1991 -23168 
1535 1533 -1 1531 -1 1509 -15446 1508 -15446 1523 -15446 
3065 
3402 
2918 
3200 3192 1 3178 -46336 3195 1 
643 
3494 
2686 
3470 3485 5 3474 5 3488 -1 3475 2 
3541 
1499 1501 -1 1495 -30891 1488 -30891 
2379 
3214 
926 
2842 
1355 
2331 2321 -1 2309 46336 2308 46336 
860 851 -46336 
1415 373 -46336 
436 1192 1 
2194 2204 -23169 2200 46336 
761 1739 -46336 
3352 3332 -1 3333 -1 3355 -1 
983 689 46336 2209 -3 976 -1 406 46336 1070 1 2236 23170 961 -3 673 46336 14 3 878 1 699 -1 1678 1 683 23168 
2738 2728 -1 2724 -1 2744 46336 2740 23167 2725 -1 
238 
2433 2459 -1 2434 -1 2449 -1 
3359 
482 42 1 
2495 
3665 3677 1 
1224 
2922 
1322 1162 -2 2154 -4 512 4 499 2 
403 401 -4 411 -4 412 -1 
1371 1362 1 1364 1 
2998 
3486 
1856 1852 -23169 
2875 2866 1 
719 
565 
3136 3132 23168 
2751 
919 912 46336 915 -23170 909 -1 
1466 
84 1187 -46336 
1618 1619 23168 1624 -1 
3550 
3210 
1887 1869 -1 
3247 
1861 1882 1 1875 -1 1888 -3 1860 -1 
1683 1508 30883 1176 -6 2753 -12 596 -12 19 3 1075 -1 1814 -23163 1328 1 1265 46319 2777 -3 411 4 401 4 689 -4 1980 46333 554 -9 1332 23167 17 12 1944 -3 2172 -3 699 -4 2044 -23170 1339 -9 2105 46331 2040 6 1172 46334 1211 -46331 1595 23163 1117 -46331 1713 -46331 3379 23165 1249 -18 1340 -23167 3381 -23166 825 -6 1525 -6 2161 12 1285 46325 1335 1 1006 -3 412 2 1724 23170 1586 -23163 1168 1 2145 6 2768 -4 2008 -23170 632 -6 1284 46325 2614 23175 1329 -6 637 6 1344 23170 1889 -12 878 3 2168 -15 1219 -12 2016 3 3483 23163 1153 -3 1120 -12 1531 -3 1438 3 1953 -46329 1313 -23170 673 -4 1089 -12 1498 -46334 1716 46331 1281 -46325 1208 -46331 2007 -1 1084 1 2755 3 2069 -3 2033 46331 1341 -11585 1842 -6 1175 1 3551 -11585 1852 -3 1692 1 1725 -6 1509 30883 1793 -12 1331 -3 1250 46328 3474 23174 2740 -1 1179 -6 1523 30894 683 23165 181 6 2000 -1 1812 46331 2173 3 2013 23170 522 46319 1203 -46334 1869 -1 1533 -3 2775 -4 1882 23173 1715 6 2868 -23170 3361 7 1811 6 1937 -46334 1142 23163 1910 -23163 1238 23168 1336 11582 2048 -3 1908 46331 27 12 1855 -6 1728 15 32 -6 1907 6 3060 -3 1888 -3 1875 -23170 1841 -6 1112 46331 1266 46319 
1494 
212 
3275 
3140 3152 -15446 3141 46336 3159 -15446 
980 1198 1 
717 
3062 
3310 3297 -15447 3315 -15445 
607 
2662 
3709 3707 46336 3681 -1 
2091 
3345 3333 -1 3355 -1 3332 -1 
2947 
1428 1205 1 
1977 
3203 
3575 3570 -46334 3569 -46334 3568 46336 
1660 1664 -2 1647 -2 
2279 
2687 
2846 
2905 
2837 
2606 
173 
885 
294 
638 
1354 
2292 
2564 2565 46336 2592 46336 
298 
323 
550 
1538 
2563 
1540 1190 -1 1568 -1 276 1 1541 -1 
3604 
813 
2895 
3645 3640 -46336 
3082 3178 -1 494 1 970 -1 
1191 372 1 
543 
3327 
2839 2832 46336 2844 -23170 
3183 
1876 1882 -1 
2502 
540 522 -46335 513 -46335 
2306 2117 46336 159 -46336 2116 46336 127 -46336 1407 -46336 2113 -46336 31 46336 
2892 
581 577 -46336 580 -1 269 -1 909 -1 838 1 596 1 934 1 
987 689 -1 878 -46336 14 1 961 -1 1806 1 302 -1 699 -1 1902 1 2209 -1 989 -1 1006 -1 2030 1 673 -1 1326 -23169 2236 23169 683 -23169 
2613 2614 -1 
817 827 -1 819 -23169 
556 
948 1197 -46336 
635 632 46336 609 -1 
3367 
2418 2423 15446 2424 -1 2416 15446 
589 934 1 909 -1 838 1 269 -1 
180 
1840 1852 -23170 1847 -1 
1656 1649 -46336 
2419 2423 15445 2416 15445 
2516 
2710 
1270 
1222 
1992 448 4 1160 46336 444 1 2152 -4 435 -46336 
3394 
1342 2067 -15445 30 -30890 1182 15445 2049 30890 
2792 
870 
3013 3012 -1 3027 23169 
236 
1206 1588 1 
668 669 -2 658 -2 
446 2056 -46336 
2513 2514 46336 2524 -23169 
3658 
2192 2204 23167 2199 46336 
2135 2116 -3 1523 -15446 2128 46336 1087 -46336 2112 1 1531 -1 127 3 159 3 2117 -3 1508 -15446 878 1 1695 -46336 1869 1 1533 -1 1407 3 2081 1 1509 -15446 
1410 53 -46336 
165 188 -23168 164 -1 
2458 
743 363 -46336 
1444 1441 1 1445 -1 
205 
2811 2803 23168 2794 -1 2801 46336 
3542 
746 491 1 2794 -1 
2580 
2216 
1122 1890 -46336 2775 30891 1794 -46336 50 -46336 2768 30891 2753 46336 2777 1 2755 46336 59 46336 
2645 
2263 2256 -1 2272 3 
3284 
3175 
917 
741 838 -1 1163 -23170 1323 -11586 740 -1 1387 1 909 1 1980 -1 683 1 715 1 139 1 2794 -1 764 -1 269 1 1995 1 934 -1 2868 -23169 755 23170 655 -1 1869 -1 1953 2 107 1 
2001 1336 -23169 2161 -2 1329 23169 1120 2 1728 -2 2008 1 1116 1 2777 23168 3381 -1 2168 2 3361 -15447 2614 -23168 2755 23169 1724 -1 3379 30892 
2462 
1256 
2595 2614 1 
3211 
3343 
2350 
661 
1854 1855 -1 
3649 3666 46336 3677 46336 
199 
3298 
2170 3178 -46336 1779 -30891 26 -15446 1761 15446 1178 30891 1792 -46336 
973 942 -46336 
3631 
202 
3166 
2412 
2348 
1885 1880 1 
2647 2640 -1 2656 3 
523 
3260 3251 -46336 
2399 
3052 
1103 2031 1 2360 -1 2368 -46336 1041 1 2354 -1 1053 -1 
2737 2744 -46336 
2560 2547 -23169 
2578 2587 1 
1628 1619 -46336 
204 
1338 1779 -15445 1178 15445 26 15447 1761 -15447 
2609 2614 -34752 2619 46336 2611 -23169 
2993 2994 46336 2995 23168 
3499 3501 -1 
3378 3379 15445 3361 -30890 3387 1 
1699 88 1 93 -1 2019 1 2755 -1 
358 838 -1 263 1 162 46336 3590 -1 
2398 
2197 
2780 2775 15445 2755 23168 2768 15445 2777 23169 
3506 3513 1 3515 1 3501 -1 
3452 3443 1 
1232 1240 23170 1248 3 1245 -23170 1238 23167 1239 -1 
309 302 -46336 
2599 
3594 
3532 
3341 
563 554 -46334 545 -46335 
1627 1624 -1 1619 23168 
3301 3297 1 3300 -1 
493 938 -46336 
2378 
3190 
336 322 -3 343 -1 325 -3 324 -3 
2983 
734 
696 689 -46336 
2864 2853 -3 2868 -3 2852 -3 2871 -1 
1159 1991 -46336 380 46336 1319 -1 371 -46336 
1366 
724 
2337 2368 46336 
2984 
2834 2833 -1 2844 23168 
3565 
2142 1855 1 2079 -46336 
571 545 -1 568 46336 554 -1 
657 669 -46336 
3619 
2043 1852 23169 2289 -1 1595 23169 1725 1 1219 -46336 522 2 3501 -1 1910 -23169 1821 1 1441 -1 1842 1 32 1 1917 1 3474 23168 2162 -1 1793 1 1284 -46336 1344 -23169 2161 -1 2105 1 3361 -15446 1089 1 2775 15446 2013 23169 2008 -23169 1882 23168 1889 1 2145 -1 1814 -23169 1120 1 1523 -15446 3381 23169 2753 1 1144 -1 1906 1 1509 -15445 1339 -23168 1152 1 596 1 1147 -1 1281 46336 1724 23169 3379 7723 2044 -23169 1458 -1 1810 1 1250 -1 1875 -23168 1285 -46336 2040 -1 1888 1 1508 -15445 27 -1 1586 -23169 1341 -34753 1841 1 1238 23168 3551 11586 554 1 2301 -46336 1457 -1 2768 15446 17 -1 3483 23169 1714 1 1142 23169 1329 23169 825 -46336 1336 -11584 
3653 3652 -1 3677 46336 3666 46336 
2843 2833 -1 2844 -23169 
1589 302 -1 1430 1 2069 1 1238 1 1498 -46336 1438 -1 
3353 
3647 
2782 
730 
3567 
2982 
3508 
2605 
1294 
610 
1870 
1551 
96 1716 46336 554 23168 1315 11584 1089 -1 1728 1 2033 -23169 1842 23168 522 -23170 27 1 2105 -23169 1238 34753 1203 -23168 1498 -23168 1172 23168 1332 11584 3483 34752 92 23168 2775 -15446 1250 -1 1373 -1 2147 -46336 2868 11584 1364 -1 2040 -23168 1331 -34753 1793 -1 3315 7723 1907 23169 2168 -1 1595 34752 1112 -23169 1329 -23169 1211 -46336 1117 23169 2740 11584 1208 -46336 1944 -23169 2753 -1 1715 23169 1281 -46336 1586 -34752 1265 -23170 825 23168 181 -23168 17 1 1855 23168 1814 -34752 1910 -34752 1142 34752 1725 23168 1523 23169 1889 -1 3060 -23169 2161 1 1120 -1 1713 23169 1176 -23169 1908 46336 1509 -1 596 -1 1882 23169 1937 23169 1266 -23170 19 23169 1362 -1 1313 11584 1336 11584 1179 -23169 1153 -23169 1249 23167 3297 30891 3474 -34752 1508 -1 1372 -23169 1987 -23168 637 -23168 1811 23169 2768 -15446 3361 15446 1339 -11585 1812 46336 3379 -7723 1852 -34753 1219 46336 1285 46336 632 23168 1284 46336 1525 23168 1841 23168 
3215 
2225 2237 -46336 
1923 
3299 3297 -30890 3315 -30892 
2804 
1605 1619 -23168 1604 46336 
3629 
850 851 23168 861 46336 
863 
2820 2821 -1 2844 23169 
2454 
2952 
1554 1565 -1 1568 -46336 
2485 
3329 3333 1 3332 1 
640 609 -1 
3376 3361 -3 3381 -1 3383 -1 
3606 
899 
2763 
3051 
1199 1044 1 
1486 
3303 
1815 1882 -3 1112 -46334 1907 -3 637 46334 1284 3 1812 6 2368 1 1498 46334 1682 46336 1120 3 2162 -46334 3060 3 19 -3 2161 -3 1329 23170 1808 46336 17 -3 1937 -3 1176 3 2753 3 1855 3 1265 -46328 1716 6 1793 3 522 -46331 1508 6 1330 -23170 3361 -4 1089 3 1344 -23167 3483 23173 1074 46336 1250 -46328 1713 46334 1339 -23164 1904 46336 1911 46336 1179 3 3474 23164 1910 -23173 1172 3 1842 3 2775 1 1715 -3 2755 -23167 1285 3 1336 -23167 3513 -1 1889 3 1811 -3 1142 23173 596 3 825 -46334 1240 23170 3379 2 181 46334 27 -3 1509 6 632 -46334 1245 -23170 2354 -1 1219 3 1238 -3 1313 23170 1595 23173 1153 3 2360 -1 1841 3 1586 -23173 1136 -46336 1852 -23167 2105 3 2777 -23170 1281 -3 32 -3 1944 3 1728 -6 1525 3 2868 -23167 2740 -23167 1331 -23167 1083 -46336 1266 -46328 1143 -46336 2033 -46334 1332 23170 2768 1 2614 23170 1725 3 2168 6 1152 46334 2040 -3 1117 46334 1208 -6 1908 6 1249 9 1211 -6 1814 -23173 1691 -46336 1203 -3 1523 -3 2145 3 
3318 3297 15447 3315 15445 
3608 3613 1 
2195 2204 -46336 
192 188 -23169 
2429 3381 -23168 3474 -1 2777 -23169 160 1 2768 -15446 3551 11584 2614 23169 1120 -1 1250 -46336 2301 -46336 1797 1 3485 -1 1403 -1 2020 1 2021 1 2148 -1 1728 1 2008 -23169 2145 1 2013 23169 554 -1 155 -1 2753 46336 123 -1 17 1 1281 1 1405 -1 32 -1 2044 -23169 1892 1 157 -1 1889 -1 27 1 596 -1 2168 -1 2424 1 2161 1 128 1 3379 23168 1329 23168 1796 1 1284 -1 3488 1 1219 -1 522 -1 1341 -11584 1089 -1 1336 -11584 1724 23169 2149 -1 1408 1 1285 -1 1793 -1 2775 -15446 125 -1 1893 1 3361 1 2755 -23168 2289 46336 
1569 1398 46336 22 1 150 46336 1572 -46336 1573 -46336 118 46336 
1735 377 1 
2496 2492 23168 
2252 
2910 
1305 
622 637 -1 632 1 
2366 
2847 
1011 993 2 
2254 
1090 1284 -46336 31 46336 127 -46336 64 -1 2768 15446 1285 -46336 1407 -46336 59 1 2113 -46336 2755 1 1890 -1 1250 -1 159 -46336 1219 -46336 1281 46336 2775 15446 2777 -1 2117 46336 2116 46336 2753 1 1794 -1 2146 1 49 1 
3477 
1141 181 46336 1427 -23168 1173 23168 1426 1 1109 -1 1458 1 2614 1 1441 1 1333 -34753 1498 46336 1525 -1 1457 1 1425 1 
900 901 -1 915 -23168 
2571 
2097 2105 1 2109 1 
542 
3498 
708 709 46336 722 -1 721 -1 715 46336 
679 
3510 
3417 
725 
3544 3551 34752 3548 23168 3547 -1 
3364 3361 1 3365 46336 
2063 1054 1 
3007 
3468 
347 338 -46336 
65 27 -3 3 -46336 3060 23170 92 -23168 2775 -46336 1265 23173 1142 -11582 1811 23167 1523 -23170 2161 -3 1907 23167 1281 46334 1908 3 1120 3 3483 -11582 17 -3 554 -23167 2033 -23167 1713 23167 1716 3 1238 -11585 19 23167 596 3 1937 -23170 1285 -46334 3474 -34755 1179 -23167 637 -23170 1852 -34752 1944 -23167 2740 11585 3361 -1 1203 23167 1842 23170 2168 3 1331 11585 1339 -11582 1284 -46334 220 23169 1089 3 1525 -23167 522 23173 1725 -23167 1728 -3 1211 -3 1112 -23167 1315 -34753 1176 -23167 1219 -46335 2753 -46334 1889 3 2105 23170 1249 -23164 1595 -11582 1364 -2 181 -23170 1313 11585 2040 23167 3379 23169 1336 11585 1855 -23167 1208 -3 1332 -34752 1329 -23167 1882 23167 1715 23167 1362 -1 193 46336 1372 23168 1793 3 1250 3 1814 11582 2868 11585 1117 23167 1812 3 2768 -46336 1172 -23167 1509 3 825 23170 1373 -1 1987 23168 1153 -23167 1266 23173 1841 23170 3297 -15446 1498 -23170 1910 11582 3315 7723 1586 11582 632 23170 1508 3 
3676 3666 46335 3677 46335 
2438 
579 
3321 
3484 3485 -4 3474 -4 3475 -1 
2273 2291 -23168 
3110 
2497 2524 23169 
3458 
2588 2592 -2 
3050 
2082 
335 
1456 1463 -1 1441 -3 
3055 
527 
3111 
3700 
3469 
3386 
1967 1980 1 1953 -2 
1709 952 -46336 957 46336 3501 1 2029 -46336 
2083 
2541 
3044 3045 46336 3068 23169 
2618 
2357 
692 
682 
3283 3291 46335 3293 46335 
1661 1649 1 
871 
626 609 -1 637 -1 
3259 3251 23168 3249 -1 
219 209 46336 220 23168 
3504 3511 -1 3489 -3 3513 1 
1478 
1921 1925 -46336 1924 -46336 
1742 985 -46336 
3234 
3512 3515 -1 3501 1 3513 -1 3489 -1 
1512 
2501 2500 -1 2524 23169 
1731 89 -46336 
1237 1238 -1 
2819 
1367 1352 -1 1362 -3 1373 -3 1364 -3 1372 -3 1360 -1 
3325 3297 -15446 3323 -1 3315 30891 
1185 1908 3 1882 -1 1284 -46336 3060 -46336 1364 -1 1812 3 2995 23169 2868 1 1172 -46336 1203 46336 1211 -3 596 1 20 -46336 2209 46336 1208 -3 1281 46336 1285 -46336 2740 1 2977 46336 1716 3 2236 23169 
1534 
897 915 23169 
3436 
2840 2833 1 
2151 1991 23168 3590 1 384 1 1319 34753 380 -23168 
788 1196 -46336 
3018 
1474 
2403 
2035 1724 -1 1176 -1 2008 1 1715 1 1181 1 3060 1 1336 46336 3381 -1 3551 -1 1341 1 2013 -1 2044 1 
2108 2081 2 
1614 
3360 3332 -1 3333 -1 
3659 
1866 
611 
378 1767 1 
2262 
2072 2049 -15446 1726 1 2067 30891 1855 -1 1150 1 858 1 1937 -46336 1182 -30891 30 15446 2066 -1 1944 -1 1498 -46336 2105 46336 
304 311 -1 316 23167 
1450 
1942 
195 193 -1 220 -23168 
3080 
3014 
2058 510 -46336 
1743 1049 -46336 3513 1 
718 
803 
3089 970 1 3096 1 494 -1 3178 1 
2702 
2548 
214 
2813 2801 -46336 2794 1 
211 220 1 
222 
703 
3623 
729 
3296 3291 -46336 3293 -46336 
671 
2951 
1433 1749 1 
3103 
39 354 1 162 -46336 291 -1 322 -46336 
97 1498 1 1523 1 3483 23167 1889 -2 128 -1 181 1 1875 -23169 1331 -23169 2149 1 825 46336 1841 -1 1377 -1 220 23168 1508 -2 3379 -15446 1336 -23169 1208 2 1793 -2 1814 -23167 1728 2 1882 -23167 1316 -23169 1364 1 637 -46336 1266 46334 1238 23169 1907 1 19 1 1910 -23167 1937 -46336 1586 -23167 3060 -1 2168 -2 1715 1 2105 46336 2868 23168 1855 -1 3361 -15445 2614 -23168 3485 3 2775 -30892 1120 -2 1713 1 2777 -23169 596 -2 1172 -1 1265 46334 1944 -1 1408 -1 3488 -1 1888 -1 1842 -1 2148 1 1211 2 2161 2 2753 -2 1112 -1 2033 -1 5 1 32 1 1117 1 1249 -3 1595 23167 1176 -1 1153 -1 2755 -23168 1811 1 1852 -23169 17 2 1250 46336 1179 -1 2768 -30892 2040 1 162 46336 1284 -3 1281 3 1339 23167 522 -3 1812 -2 1716 -2 27 2 1142 23167 632 46336 3475 1 1219 46335 193 1 554 -1 1908 -2 1203 1 1089 -2 1725 -1 160 -1 1525 -1 1332 23168 2740 -23169 3474 -23164 1285 -3 129 -1 4 1 2145 -1 1317 -23169 1509 -2 1329 -1 
334 
2603 
920 915 23168 923 46336 
1489 1501 1 1498 -1 
3393 3424 -1 
3191 3184 -1 3192 3 3195 3 
2978 
1259 
1599 2134 1 
3706 
2826 
3428 3429 -1 3443 23169 
3114 
3279 
145 1284 -1 2289 46336 1089 -1 1093 1 1250 1 2301 1 2768 30891 2149 -1 596 -1 2755 1 3485 -1 554 -1 1092 1 155 -1 2753 46336 17 1 123 -1 1893 1 3474 -1 2614 1 32 -1 2775 30891 2145 1 27 1 522 46336 2148 -1 113 -1 1889 -1 1793 -1 1797 1 3488 1 1393 -1 2794 1 1408 1 1892 1 128 1 1285 -1 1796 1 2777 -1 160 1 1281 1 1219 46336 1403 -1 
665 
544 513 -1 522 46336 
1960 
2712 2717 -46336 
153 2777 -1 1733 1 1760 1 2810 -46336 2169 -1 121 -1 1401 -1 1732 1 1337 23169 
1983 
1836 
3239 
3008 2995 -23169 
2836 
907 
394 
732 721 -2 722 -2 
3010 
2188 
3573 
1646 
2980 2981 -1 2995 23169 
56 1698 -46336 59 -1 2775 -15446 2113 -1 2116 1 1794 1 64 1 127 -1 2768 -15446 2755 -1 31 1 1407 -1 159 -1 2777 1 2117 1 1890 1 2146 -1 2753 -1 
385 401 1 412 1 411 1 
2762 
2969 
3459 
3078 
3646 
996 997 -1 993 1 
2856 
2189 
3144 
110 2236 23169 3474 -5 2209 -1 3475 -2 965 1 961 -1 142 -1 14 1 1390 -1 3488 1 964 1 3485 -5 
1149 2008 -23168 1144 -46336 3381 -23169 1112 -46336 2033 -46336 1498 -1 1240 1 1713 46336 1457 -46336 181 46336 3551 -34753 3379 -7722 1238 -1 1458 -46336 1336 11584 1245 -1 3361 15444 1724 23168 2614 1 1341 -11584 1441 1 2034 -46336 2044 -23168 1525 -1 2013 23168 1714 46336 1117 46336 
1233 1219 1 1245 1 
2206 
1564 1568 -2 
1650 1664 1 1649 46336 1647 1 
599 592 -1 596 -3 577 -3 
2759 
3125 
1771 762 1 
1258 
3628 
2958 
3525 3548 23169 3524 46336 3551 -11584 
2382 
271 1030 -46336 
303 
2479 291 46336 1219 46336 66 -46336 35 46336 
3102 
172 181 46336 
1346 
3306 
3243 
191 
659 669 -2 658 46335 
43 738 1 
3546 
200 220 -23169 193 -46336 
928 915 -23169 
326 
267 742 -46336 
3540 
2646 
506 596 1 858 -1 1770 -46336 3178 1 
735 
1932 
2691 
3667 3666 -2 3677 -2 
2549 
2227 2236 1 
2550 
684 
3366 
2265 
616 
413 401 1 
706 
2849 2868 1 2853 1 2852 1 
2823 
1299 1281 -46335 
921 
530 513 46336 529 -1 
558 
904 909 1 
608 596 -1 577 -1 
3491 
3695 
505 825 46336 554 -46336 1738 -46336 
2626 
2383 
2251 2264 -1 2267 -1 2272 1 
3572 
3420 3424 -2 
1221 1245 23169 1220 46336 1238 -23168 1248 -1 1240 -23169 
3001 
2809 2810 46336 
2642 2651 1 
894 
597 
1625 
2654 
2242 
3225 
3326 
2110 2105 1 
519 
179 188 1 
2472 
814 
2528 2524 23168 
3138 
3105 3132 23169 
1721 825 3 1498 46336 1852 -23168 3379 15445 2040 -1 2105 -46334 3361 -30890 1725 1 1713 46336 1525 1 1937 46336 2393 -1 2614 -1 1841 1 2041 -46336 1752 -46336 1441 -2 1238 1 1112 -46336 1757 46336 1117 46336 1458 -2 637 -1 522 1 1842 1 1944 1 1855 1 181 46336 632 1 2755 -1 1457 -2 2033 -46336 3551 1 
2334 
1965 
2590 
2381 
2650 
951 1869 -1 1165 -11585 909 1 1069 -46336 2081 46336 944 46336 2112 -1 1997 -11582 956 11582 1549 -1 1677 -46336 947 11585 
2132 1215 1 
707 
2027 1707 -46336 765 1 2272 1 2267 -1 760 46336 2264 -1 
662 
620 632 46336 637 -46336 
2940 2935 -30892 2928 -30892 
758 1579 -46336 
2457 
2481 2488 1 
1982 
604 596 2 577 2 
768 2155 1 1163 23169 1323 34753 2868 -23168 755 -23169 
2477 
2979 
2988 2977 -1 2995 -23168 
567 560 46336 545 -3 554 -3 
2572 
2400 2373 -1 2372 -1 
573 568 -46336 
1095 2696 -46336 369 -46336 381 -1 2023 1 
2996 2995 -23168 2977 -1 
2351 2354 1 2360 1 2368 -1 
2685 2674 46336 2688 -46336 
943 838 -1 1037 -46336 2081 -46336 2112 1 2434 1 
416 401 1 411 1 
3030 
2741 
190 
3224 3217 -46336 
2912 2899 -23169 
1134 302 1 2209 1 989 1 632 1 14 -1 1006 -46336 2236 -23169 2030 -1 961 1 1326 -23168 637 -1 878 -1 978 1 
1711 2031 1 1053 -1 1048 1 
3048 
3168 3159 15446 3152 15446 
2093 2112 1 2081 1 
1320 435 -46335 1160 46335 448 4 2152 -4 
2293 
2518 
2673 2688 1 2674 -1 
1350 
826 
3253 
935 365 -46336 
2644 
714 
3423 
2094 
1543 
3176 
2220 
2632 
1414 277 1 
651 655 46336 
1831 
1825 1852 -23168 
144 1668 -46336 1508 7716 2753 46331 2614 -23168 3381 11583 2013 34752 2048 23170 1328 -11584 1888 23173 2016 -23170 1211 6 1910 23174 1595 -23174 160 3 2033 -3 3379 -34753 1944 -23173 1317 -23167 3361 23169 2149 -3 1953 46331 1793 -6 3475 -1 1995 -1 128 3 1006 -23167 1937 -23164 1724 34752 1855 -3 699 2 1523 7727 683 11585 1392 46336 1332 -23170 1203 3 1438 -23170 19 3 2755 23170 3474 23169 1498 -23164 1341 -17376 112 46336 2173 -23170 878 23167 1265 -9 1889 -6 3485 -5 1525 -3 1285 -6 1352 1 3551 -17376 1061 -46336 2775 -2 151 46336 2768 -2 1908 -6 1331 -23170 3315 -15445 181 3 3483 -23174 1153 -3 596 -6 2008 -34752 1316 -23167 1713 3 1692 -23169 1117 3 2172 23170 689 -46335 1284 -6 1163 1 17 6 1084 -23169 1669 -46336 1313 -23170 1716 -6 2168 -23173 554 46334 1281 6 1250 -6 1120 -6 632 46334 1980 -46334 1852 -23170 119 46336 1060 -46336 1172 -3 2161 6 1344 -11585 401 5 3488 3 1238 -23166 1907 3 825 46334 1841 -3 1869 23170 2007 23169 1509 7716 1323 1 2740 34750 1399 46336 1179 -3 1875 -11582 522 -9 2044 -34752 1339 23164 27 6 2040 3 1208 6 1811 3 2148 -3 1142 -23174 1586 23174 1336 40543 1089 -6 1812 -6 1715 3 3297 -15447 1340 -11585 1533 -23167 1329 -3 1219 46331 1176 -3 1882 11585 1249 46328 755 -1 2105 46334 2069 23170 1814 23174 3060 46334 412 23171 764 1 1725 -3 1728 23173 2000 23169 637 -46334 1842 -3 673 2 1531 -23167 411 5 1266 -9 2777 23167 1335 -11584 1408 3 1112 -3 2868 34752 
1883 1880 -1 1888 -1 1882 1 1875 -1 
1227 
387 392 46336 
1610 
3093 
1067 1675 46336 752 -46336 759 -46336 1323 11583 755 23169 1163 -23169 2868 -23170 764 1 683 46336 1995 -1 715 -1 
3354 
310 302 -1 
1703 2023 1 381 -1 376 -46336 
1492 
2600 
3422 
1023 
1151 2131 -30891 3379 15445 1183 30891 3551 -15446 2117 15446 2130 -46336 2129 1 1407 -15446 1119 -1 127 -15446 3361 -30890 159 -15446 2116 15446 
2933 
641 658 -1 669 -1 
341 
3308 
1748 1209 -46336 
624 609 46334 631 46336 
2909 2897 -46336 
1920 1329 23168 1533 -1 2614 -46336 699 -1 27 1 878 1 1531 -1 689 46336 2008 -23169 1875 -23169 1344 -23168 522 -1 1728 1 1889 -1 1120 -1 1238 23168 3483 23169 1336 -11584 1910 -23169 2013 -23168 2171 -46336 1595 23169 1498 -1 2753 -1 2145 1 3361 1 1438 1 2069 -1 1285 46336 2173 1 1341 11584 1006 -1 683 -23169 1142 23169 1814 -23169 2768 -15446 17 1 1793 -1 554 -1 1089 -1 32 -1 1281 -46336 2044 23168 3379 23168 1523 15445 596 -1 1250 -46336 3551 11584 673 -1 2775 -15446 1888 -1 1339 23168 3381 -23168 1509 15446 2168 -1 1882 -23168 1824 46336 1724 23169 1586 -23169 2161 1 1508 15446 1219 46336 1284 46336 3474 -23169 2048 -1 
2695 2696 -1 
2450 2459 1 
2593 2611 23169 2614 11585 
3277 
1863 
1849 
1853 1841 1 
3266 
2055 382 1 
383 2119 1 
1469 1457 -46336 
3181 
3169 3195 -1 3192 -1 
1645 
3478 3474 -3 3483 46336 3475 -2 3485 -4 
2815 
2287 
333 
2246 
2701 
3311 
2726 
2324 
1617 1624 1 
3339 
3106 
590 
3609 
2932 
3553 3570 46336 3569 46336 
330 
3363 
1970 1981 46336 1953 -1 
2683 2674 -46336 
1919 1438 -1 3379 -7722 2117 15446 2044 -23168 2048 1 159 -15446 2131 15446 1531 1 1119 46336 1509 15446 1533 1 3381 -23169 1523 15446 2008 23169 2168 1 1855 -1 1407 -15446 2013 23168 3361 15444 1508 15446 2129 -46336 1336 11584 1724 -23169 878 -1 1944 -1 2116 15446 3551 -3861 1498 1 2173 -1 2069 1 1183 -15446 1728 -1 1937 -46336 1823 -1 127 -15446 1341 -11584 1006 1 2139 1 
1436 2005 1 1427 -46336 1173 46336 1333 -1 
1562 
531 522 -46335 513 2 
1548 
502 1578 1 
2742 
2845 2833 1 
3263 
3235 
256 248 1 242 1 
3340 
1269 
375 380 23167 1063 1 1671 1 1319 -34752 1991 -23167 368 -1 
83 1284 4 1715 -2 1508 4 637 46335 825 -46335 1329 2 1089 -46333 3060 2 181 -2 1728 -4 3474 -3 1855 2 522 -46331 2740 -46336 1793 -46333 1372 2 1811 -2 1211 -4 1155 -46336 1179 2 1852 1 1142 3 3297 -30890 1841 2 2033 2 632 -46335 1373 4 3379 -15445 1713 -2 2161 -4 1112 2 2768 15447 1117 -2 1238 -1 19 -2 1219 -46333 27 46333 1725 2 596 4 3361 30890 2775 15447 1250 -46333 1362 4 1889 -46333 1249 6 1266 -46331 2753 4 2040 -2 1523 -2 1315 1 1812 4 1586 -3 1525 2 1498 -2 1176 2 1332 -46336 1313 1 3315 -30892 1882 -2 1907 -2 1336 1 92 1 1908 4 1595 3 1509 4 2168 4 1716 4 1842 2 1944 2 1937 -2 1364 4 3483 3 1987 -1 1910 -3 1285 4 1208 -4 1331 1 1153 2 2105 -46335 1265 -46331 1120 4 1172 2 2868 1 1339 3 1203 -2 1814 -3 17 46333 554 2 1281 -4 
2483 2492 -46336 
2201 
255 
3147 
2494 
3668 
2270 
849 861 -46336 
2713 
1834 
203 
3004 2995 -46336 
766 2059 -46336 
2967 2963 -23170 2960 46336 
3202 
3186 3195 -46336 
2294 
1019 1009 -1 993 -1 
843 
1267 1249 -46336 1265 46336 1266 46336 
307 316 -46336 
2708 
2388 
1845 
3034 
2233 
210 220 23168 209 46336 
2937 
3201 3232 -1 
2440 
3448 3451 -1 3443 -23169 
2797 
2926 
630 
1347 1373 4 1372 2 1362 4 1364 5 
1704 2393 -1 445 -1 440 1 2024 1 
3473 3485 1 
2474 
1384 2152 -3 104 46336 421 -46336 220 23168 420 -46336 1160 46336 392 -46336 3297 -30890 435 -46336 715 46336 1352 -1 3315 -30892 193 -46336 136 46336 448 3 291 -1 
1878 
2190 
1345 1373 1 1362 1 1364 1 1372 1 
1640 
399 
603 596 -1 577 46336 600 -1 
3288 3293 -46336 
2911 
2184 
3549 3551 34751 3547 46336 3548 23168 
45 930 -46336 
1644 
619 
3517 3515 -1 3489 -1 3513 -1 
3245 
2389 
2278 2289 1 2301 -1 
886 
1514 
2904 2897 -46336 
3336 
1246 
2956 
2822 
2051 94 -46336 
1437 1425 1 2037 1 181 46336 1238 1 1438 -1 1525 1 302 -1 2069 1 1109 -1 
2925 
1432 1238 -1 1525 -1 1717 1 1498 46335 1425 1 2614 2 1458 2 181 46335 1441 2 2272 1 3381 1 1457 2 2264 -1 1109 -1 2267 -1 
3674 
1615 
2661 2688 -1 2660 -1 
3344 3333 -3 3332 -3 3351 -1 
2622 
2795 2794 -1 
2493 2488 -46336 
2268 2272 46335 
3357 3355 -1 3332 -1 3333 -1 
3522 
3121 3122 -1 3132 -23169 
629 
3375 
2218 
2723 
2698 
3562 
3576 3569 1 
1613 
3090 3099 -46336 
3059 3060 46336 3068 -46336 
170 181 -46336 
2736 2725 -3 2740 -4 2724 -3 2743 -1 
2328 2321 1 
2706 2689 -1 2717 46336 2696 -1 
1413 1427 -23168 117 -46336 1397 -46336 1333 -11585 149 -46336 1173 23168 1412 46336 
1491 1488 -30892 1495 -30892 
3382 
1561 
2750 
2336 1407 46336 31 -46336 2309 46336 2117 -46336 127 46336 159 46336 2308 46336 2113 46336 2116 -46336 
2885 2899 23169 2884 46336 
3454 
2719 
1460 
2680 2688 -46336 2674 46336 
1874 1888 1 1880 -1 
2888 
2624 2611 -23169 2614 11584 
2627 
2427 2416 -30891 2423 -30891 2424 46336 
711 
3287 3293 -46334 3280 46336 3291 -46334 
3635 3640 -2 3634 46335 
3466 
1622 1438 -1 1498 1 2069 1 
2159 2081 -46336 1953 -46335 1135 1 2112 1 1980 46336 1056 -46336 1647 -1 1042 -1 1053 -1 2031 1 
3696 3703 46336 3681 -3 
3555 
2906 
3026 3027 -23169 3025 46336 
2973 2961 1 
1348 1349 -1 1362 1 1373 1 1372 1 
3539 3548 1 3551 1 
3526 
639 
2248 
2934 
2898 2899 23168 2897 -1 
2004 1211 2 2868 -1 1812 -2 1332 -23168 1908 -2 1716 -2 1212 1 1208 2 
2570 
2776 2769 1 2755 46335 2777 1 
572 545 -46335 554 -46335 
2259 2272 -2 
2470 
1736 441 1 
2731 
2880 2868 -23170 2853 -1 2852 -1 
3002 
315 317 46336 316 23168 
857 
2114 63 -46336 
3372 
3496 
2766 
234 
3545 3551 1 
2667 
3208 
785 637 -46336 302 46336 632 46336 825 46336 797 -46336 1006 46336 2028 46336 1100 1 
774 268 -46336 
1113 1757 46336 1841 -1 3551 1 1937 1 554 46336 3379 30892 637 1 1238 -1 1944 -1 522 -1 1525 -1 2777 -1 1112 -1 2033 -1 1842 -1 1852 23168 1117 1 1882 -1 1855 -1 1498 1 2755 -46336 181 1 2614 1 2040 1 3361 -15447 1725 -1 1745 -46336 1713 1 2041 -46336 632 -1 
1884 1882 -1 1875 1 1869 1 
391 
520 
1442 
3187 3195 -2 3192 -2 
1046 1583 1 
130 159 -1 1314 -23168 291 -1 1250 -1 2113 -1 1284 1 2116 1 127 -1 2117 1 162 -46336 1285 1 31 1 37 1 36 1 1281 -1 2146 -1 1378 -1 1407 -1 64 1 98 -1 
3597 
1485 
2527 
218 
3347 3333 2 3332 2 
2316 
539 522 -1 513 46336 529 -1 
2430 596 1 128 -1 3488 -1 1336 -34753 123 -46336 1892 46336 2020 46336 1329 23169 155 -46336 2044 23169 3379 -23168 1089 1 2753 1 32 1 1219 1 17 -1 2289 -46336 1796 46336 2145 -1 2614 -23169 1793 1 3485 1 2013 -23169 2148 1 2008 23169 1797 46336 1728 -1 2021 46336 1405 -46336 160 -1 1403 -46336 125 -46336 1285 -46336 3474 1 157 -46336 2301 -1 2149 1 1889 1 2768 15446 2777 23169 2775 15446 522 -46336 2161 -1 1408 -1 1284 -46336 1281 46336 1120 1 554 1 2168 1 1341 11584 1893 46336 2755 -23169 27 -1 1250 46336 3361 -1 3551 -11584 3381 23168 1724 -23169 
1881 1882 -1 
207 
2486 
2579 2592 46335 
3112 
3230 
958 2061 -46336 
3397 3396 46336 3424 -1 
3289 
3256 3249 1 
808 
3413 
1835 
2893 
1272 1250 -46336 1265 -46336 
3520 3489 -1 
3358 
2999 2992 46336 2995 -23170 
2304 2291 23168 
889 
2467 291 -1 1219 -1 35 -1 66 1 
946 956 11584 2029 1 1133 1 3501 1 1165 -11584 1997 -11584 947 11584 957 -1 
3435 
2095 2112 -1 2081 -1 
1309 1285 -1 1284 -1 1297 1 1281 1 
2374 
2859 2868 1 
332 
852 
1230 
1686 3315 -30892 1573 3 2614 -1 3475 -2 118 -3 3297 -30890 1398 -3 406 -1 1508 -1 1531 1 3483 -1 1078 -1 1572 3 3485 -4 1591 1 3474 -3 1523 -46336 1814 1 1533 1 1910 1 1584 1 1238 1 1509 -1 1595 -1 1586 1 150 -3 1142 -1 
2475 
1803 2868 23168 1707 46336 755 23169 3501 1 1163 -23169 3483 -46336 2264 1 1323 11584 2267 1 3474 -1 1899 46336 2272 -1 763 -46336 760 -46336 
3037 3025 -46336 
3407 
1283 
3578 
1274 
2720 2689 -1 
690 683 23168 673 46336 689 46336 
1928 
2746 
621 
86 1571 -46336 
2364 2368 -2 
2946 
2205 2200 -46336 
509 498 46336 2154 46336 512 -46336 1130 -46336 2026 1 
606 
2855 
2966 
840 
906 
2425 
839 838 -1 
3441 3451 -1 3443 -23169 
1137 2614 1 1728 1 1441 1 1855 1 2033 -46336 2368 46336 825 1 1725 1 1944 1 2161 1 1144 -46336 181 46335 2040 -1 2696 46336 1937 -1 1106 1 2168 -1 1245 -1 1120 -1 2354 1 1457 1 2360 1 1713 46335 637 -1 1498 -2 1112 -46335 2105 -46336 1219 46336 1117 46336 632 1 1714 46336 1240 1 1458 1 
3162 
3599 
1958 
2490 
848 855 -1 851 -23170 
318 
152 1281 1 1120 46336 32 -1 2614 23169 120 -1 155 -1 1250 -46336 1889 -1 3474 -1 1892 1 1700 1 17 1 1329 -23169 554 46336 2753 -1 522 46336 2301 1 1701 1 1793 -1 1797 1 128 1 2145 1 2161 -46336 1284 -1 1089 -1 3488 1 3485 -1 2755 -23168 2768 -15446 1285 -1 160 1 2775 -15446 2148 -1 1400 -1 1219 46336 1408 1 27 1 1796 1 123 -1 596 -1 2777 23168 2149 -1 1893 1 1336 23169 1403 -1 1728 -46336 2168 46336 2289 -1 
3003 2994 -46336 
2376 2393 1 
415 
3527 
3656 
3687 
2529 2547 -23168 
3197 3192 -46336 
1236 
410 
3390 
1608 
296 291 46336 
2649 
2734 
3534 
1293 
3675 3666 -46336 
1950 1937 -46336 1944 -1 
2861 
2778 
2371 
259 70 1 
3457 3474 -3 3475 -1 3485 -3 
963 78 -46336 3315 -15445 3297 -15447 
414 
1287 
1131 2264 1 1707 -1 2272 -1 1163 23168 2267 1 1323 11584 754 1 760 1 2868 -23169 755 -23168 
546 
532 
3655 
3073 3099 -1 3096 -1 
2677 
2598 
3455 
1867 1869 -1 
12 1006 -1 1132 -1 825 -1 769 -46336 302 -1 632 -1 637 1 797 1 786 1 2028 -1 1324 -23168 2995 -23169 2977 1 
1286 
337 322 46336 325 46336 338 46336 324 46336 
3302 
3395 
2296 2289 -46336 
2575 
3036 3027 -46336 
1368 1373 1 
3616 3611 1 3590 1 3613 1 
1529 
3139 
3033 
1096 2024 -46336 433 -46336 445 46336 
186 
1032 431 -46336 
3356 3333 2 3332 2 
2919 
1374 
2509 
2002 1344 23168 2614 1 2044 23168 3381 -23167 1910 23169 1152 2 1176 -1 699 -1 878 1 3551 -11584 689 -1 1533 -1 522 -3 1006 46336 1089 -2 1330 23169 2033 46336 1531 -1 1331 23168 2753 -2 1841 -1 1907 1 1953 -46335 1586 23169 1724 23170 19 1 2161 2 1852 23168 1240 23168 3060 -1 1715 1 3361 3 1249 46334 1142 -23169 1332 23168 1889 -2 1265 -3 554 46336 1728 5 1208 2 1812 -2 1716 -2 1336 34753 2172 -1 1842 -1 1112 46336 2105 -1 1117 -46336 2162 -2 1508 -1 1855 -1 673 46336 3379 23167 2008 -23170 1980 46336 1285 46335 181 -46336 1713 -46336 1211 2 1339 23167 1438 1 1250 -2 1793 -2 1179 -1 1219 46335 2040 1 17 2 2013 -23168 1203 -46336 2775 -30892 1725 -1 2016 1 1266 -3 3483 -23169 1814 23169 1509 -1 1120 -2 1525 -1 2868 23168 1245 -23168 2168 -5 2048 -1 1811 1 1882 1 1281 -46335 596 -2 1153 -1 632 46336 2768 -30892 2069 -1 1329 -1 1341 11584 27 2 683 23168 1284 46335 2740 -23169 825 46336 1148 1 1313 23168 637 -46336 1172 46336 1595 -23169 2173 1 1908 -2 3474 23169 
1521 1531 -1 1508 1 1523 -1 1525 1 1509 1 
2635 
3425 3443 -23168 
427 744 1 
2682 
2499 
434 445 -1 1128 1 448 1 2696 -46336 2728 1 2152 -1 2024 1 
18 1716 2 2868 -23168 1208 -2 632 1 1793 2 637 -1 1285 3 1336 23169 1525 1 1142 -23167 554 2 1713 46336 1339 -23167 1219 2 1508 2 1595 -23167 1121 1 1332 23169 1240 -23169 2740 -23168 1250 1 1176 1 1907 -1 1852 -23168 1179 1 1120 -46334 1498 46336 522 3 1313 23169 1249 -46334 3060 -46336 1203 -1 19 -1 2161 46334 1245 23169 17 -3 1153 1 1265 3 1281 -3 1112 -46336 1344 23168 2162 -1 1908 2 596 3 2775 30892 2777 23169 2168 -46335 27 -2 1715 -1 1266 3 1523 -1 2040 -1 1855 1 1728 46335 1944 1 1814 23167 2105 -46336 181 46336 1811 -1 1117 46336 1364 -1 1089 3 1841 1 1509 2 1910 23167 1882 -1 1842 1 2768 30892 1330 23169 1812 2 1172 1 2145 -1 2753 2 3474 23167 32 1 1725 1 2614 -23169 1889 2 1284 3 2755 23168 3483 -23167 1586 23167 1329 -23167 825 1 1152 1 1211 -2 1331 23169 2033 -46336 1937 46336 
3039 
526 
2191 
447 2120 -46336 
397 
1363 1362 -4 1373 -4 1364 -4 1372 -1 
2764 
3342 
1962 
2042 1498 -46336 1852 -23169 1777 -1 1114 1 596 1 1842 -1 1882 -1 1789 1 1841 -1 
1088 1084 -23169 1336 17376 3381 11583 2016 -23170 1728 23167 1142 23168 1509 -23169 699 1 2614 -23169 2740 -11584 2168 -23167 3483 23168 1006 -23167 1910 -23168 1340 -11585 1814 -23168 3551 -17376 2160 -46336 1888 -23167 3361 23167 878 -23169 412 23168 2069 23170 1523 -23168 2173 -23170 1531 -23168 2868 -34752 1875 11585 1508 -23169 1328 -34753 2167 -46336 2000 23169 673 -46336 1869 23169 1724 -11585 1944 23167 683 -11583 411 -1 1335 -34753 1341 28961 3379 -34752 2048 23170 1498 -23167 1238 -23168 3474 -23168 2044 11585 1438 -23170 1953 -2 2172 23170 1692 -23169 1696 46336 2081 1 1882 -11585 1533 -23168 2007 23169 2008 11585 2013 -11585 1595 23168 1980 1 401 -1 1344 -11585 2112 1 689 -46336 1586 -23168 1937 -23167 
1218 1219 -1 
2504 
3490 
1361 1373 1 
2229 
844 858 1 
2127 1055 -46336 
3170 
822 
1500 1495 -30892 1488 -30892 
1903 1042 46336 1135 -46336 1807 -1 1051 1 
308 
2088 
693 
2574 
2522 
1118 1182 -15446 2067 15446 30 30891 2065 -46336 2066 -46336 1150 46336 2049 -30891 
1059 1331 -11585 2105 23167 3361 1 291 -46336 1153 23167 1372 -23170 1336 -11585 1332 -11585 522 23164 2775 46336 1910 34755 1142 -34755 1987 -23170 1716 -3 1525 -23170 181 -23167 1281 -46334 2033 23167 92 23170 1172 23167 1238 11585 1907 -23167 1498 23170 1089 46334 1841 -23170 1219 -2 596 -3 1117 -23167 1793 46334 554 23167 2168 -3 66 46336 2868 -11585 1208 3 1814 34755 1889 46334 17 -46334 27 -46334 2768 46336 1715 -23167 3379 23168 1373 -3 1265 23164 1586 34755 1329 23167 3474 -11582 1250 46334 2740 -11585 2161 3 35 -46336 1203 -23167 637 23170 2040 -23167 1728 3 1339 11582 3060 23167 1812 -3 1313 34752 1811 -23167 1112 23167 1362 -3 1842 -23170 80 -46336 1944 -23170 1285 46334 1315 34752 1855 23167 1908 -3 2753 46334 1364 -3 1120 -3 1508 -3 1852 -11585 1937 23170 19 -23167 1266 23164 1725 23167 1284 46334 1667 46336 1509 -3 1179 23167 1211 3 1713 -23167 1523 23170 3297 -1 87 -46336 825 -23170 632 -23170 3483 -34755 1249 -23173 1595 -34755 1882 -23167 1176 23167 3315 -23168 
566 
2783 
3220 
2767 
3098 
3182 3178 46336 
514 
3271 
2552 2557 -46336 
1479 
3131 3122 -46336 
3134 
2402 
3530 
1528 1509 1 1525 1 1523 46336 1508 1 1531 -1 
2938 
3586 
3388 3379 30891 3361 -15443 3381 1 
1307 1281 -2 1285 1 1284 1 1297 -1 
3087 
2862 
3350 
842 858 -1 
3556 1382 1 934 -1 838 -1 260 -1 261 -1 3557 46336 3570 46336 193 -46335 102 1 257 1 6 -1 276 -1 2301 46336 162 -2 230 -2 3569 46336 220 -1 134 1 909 1 1190 1 269 1 2289 -46336 
1475 
1791 2138 1 
833 851 23169 
320 316 -23169 
241 248 1 
830 
2602 
175 
2202 
2390 
1439 2133 1 
2881 2899 -23168 
1858 
2414 
223 
1462 
2657 2688 -1 
3566 
925 915 23168 923 46336 
2413 
1968 1975 -1 1953 46334 
3349 
2405 2404 -1 2416 30891 2423 30891 
1275 1266 -46334 1250 -46335 1265 -46335 1249 2 
2261 2267 -1 2272 1 2264 -1 
300 302 46336 
2370 
2339 
1325 947 1 1997 1 1165 -1 956 -1 
2415 
2643 2656 -2 
2610 2619 -46336 
672 658 -46336 669 -46336 
3467 3474 1 3483 46336 
2865 2853 -1 2852 -1 2866 -1 2868 23167 
504 1130 -46336 512 1 522 1 825 1 858 1 181 -1 1706 -46336 498 46336 2154 -1 
2581 
810 825 46336 
2874 
1800 2024 46336 445 -46336 443 -46336 1896 46336 2152 1 448 -1 
2038 150 -46336 1509 -1 2006 46336 2614 -1 1572 46336 1498 -46336 1238 1 1597 -46336 1142 -1 1508 -1 1531 1 1533 1 1573 46336 1398 -46336 1586 1 302 -1 2069 1 1596 -46336 1523 1 1438 -1 118 -46336 
342 
1526 1533 -1 1531 -1 1508 -46336 1523 -1 1509 -46336 
2870 
244 
3117 
1556 276 -1 1190 1 
782 632 46336 637 -46336 1006 46336 302 46336 972 -46336 
1948 1924 -46335 1925 -46335 
2526 
1356 
731 722 1 
1653 
3128 3132 23168 3122 46336 
3000 2995 23168 2994 46336 
3074 
3023 
1956 1957 46336 1953 -46336 
231 
3543 3548 -23170 3551 -11585 3536 -1 
3538 3547 1 
3035 3025 46336 3027 23168 
2353 2368 -46336 2354 -1 
802 
1612 
362 487 -46336 
2546 2557 -1 2547 -23169 
2521 
2283 
3480 3485 1 
2349 
2835 2844 1 
2380 
876 
1242 
1502 1498 46336 
1223 
2342 
1827 
364 775 1 
2942 
