1581 950 1 
751 1035 -46398 655 -1 1984 -46398 1971 23200 
3482 
2208 2177 -1 
2282 
707 
1419 757 1 
3006 2977 1 3004 -23200 
549 563 23200 554 23199 548 46398 
650 
737 2155 1 1323 -23200 768 -1 11 -46398 
3331 
3152 3137 -3 3159 -1 
1782 1594 1 
1282 1304 1 1297 -1 
746 491 1 2794 46398 
897 901 1 900 1 
315 306 1 
3512 3505 -46398 
2046 3057 -1 3069 1 1022 1 2077 -46398 1726 1 1952 -2 842 -1 1621 -1 1854 2 2072 -1 1493 1 1939 -1 2430 -1 2110 46397 
3453 3441 1 
824 817 1 
1566 
3101 3090 -1 3073 -1 
3322 
3463 
1638 
917 
3068 3072 -2 
2511 
683 704 46397 673 46397 
2638 
924 900 2 901 2 
543 
2239 
3360 3329 -1 
1632 1605 46398 1604 46398 1621 1 
1949 1939 -1 1952 -1 1947 -1 
3705 
1697 3475 3 2278 3 29 -1 1848 3 118 -46395 1587 -46397 31 3 3381 -4 1119 -3 1853 -3 3558 3 1952 3 1725 -3 812 -3 3525 -24 522 46396 2594 -46396 2035 1 24 -46398 1906 -3 1810 -3 3069 46398 1917 -3 1144 3 1573 46395 2017 1 3392 8 1147 3 1174 46397 1523 6 3505 3 3524 -24 1469 3 1151 -3 704 3 1458 3 2129 3 1176 1 2113 -3 2335 3 1572 46395 3304 -46396 1441 3 3484 -3 2162 3 700 -3 1939 23201 3388 4 1824 3 2110 46396 2040 3 1714 -3 1920 3 1821 -3 2171 -3 1854 3 2043 3 1334 46396 1152 -3 1181 -1 2130 3 1715 -1 2140 -46396 3548 12 150 -46395 673 9 1887 -3 3057 -46398 3517 -3 1398 -46395 2015 46396 1536 12 
2314 
3175 
810 812 -1 
3474 3475 34799 3480 -1 3484 -11600 
2658 
951 1069 1 1677 1 959 46398 929 -3 2125 -46398 909 -46398 13 3 944 -1 2434 3 
2587 2578 1 
3062 
709 720 1 727 1 708 -1 722 46395 733 46395 
2675 2684 1 
236 
927 
1921 1939 -23199 
247 240 46398 256 3 
2872 2877 -46398 
3567 
3307 
3214 
3361 3381 15466 3392 -30933 3388 -15466 
2524 2528 -2 
2356 
2211 
1227 
3438 
394 
1372 1363 30933 1360 -41244 1352 -41244 1367 -41244 
410 
2297 
2926 
904 909 -46398 
3067 3072 1 3057 46398 
3119 
3508 
3675 3676 23199 3672 -1 
3546 
3655 
1229 
296 1319 11600 161 1 103 -1 655 1 179 -23200 1991 23200 135 -1 356 1 357 1 322 -1 1383 -1 380 -23200 
971 750 1 
2189 
569 554 -1 
2071 1726 -9 1493 46390 2064 -1 1086 1 2110 9 1694 1 1939 -23195 1150 -9 2067 3 2066 9 1182 -3 1952 9 842 9 1854 -9 2072 9 
3314 3304 23199 3300 -1 3325 -1 3301 -1 
2376 2373 -1 2372 -1 2386 -1 2392 -1 
781 940 -46398 
2959 
52 1186 1 
3424 3411 -23200 
537 
3149 
1850 1854 -1 1853 1 1848 -1 
2350 
1625 
1179 1336 -34800 2113 -6 2140 6 2043 3 1363 19333 1144 3 2002 23201 1848 3 1860 -23201 1151 46393 1889 1 1267 23199 3558 6 1724 -23201 1752 -23199 1986 -23200 2849 -1 2434 1 2278 3 2386 -23199 1200 -7733 1313 11600 1725 -3 2040 3 1217 -23201 2171 -6 3392 -23187 1684 7733 1881 -23200 1185 -23199 60 23200 1113 -23199 2003 -11599 3388 -34793 2110 23197 1572 -23207 2130 -46393 1907 1 1304 -23200 1276 -11597 2162 6 2035 1 1248 -23201 118 23207 150 23207 1887 -6 179 -23199 1218 -1 2769 -40599 1331 -5800 1364 -23199 1352 28355 704 -34794 1315 -5800 2017 1 673 -34782 1330 -34800 3524 -30 1059 -38666 3057 -46398 1920 6 1249 -23204 1180 11599 1340 28999 1811 1 2222 23199 1119 46393 1536 -23177 1076 7733 1861 -23201 1810 -3 3069 46398 2129 -46393 2 1 27 -1 3484 17394 1987 -11600 1906 -3 1458 2 1174 -34803 1297 23200 2008 23201 1469 2 1714 -3 1147 3 1152 -6 2372 -23199 1917 -3 1745 23199 1153 -23199 1398 23207 20 23199 1360 28355 596 -23200 1573 -23207 29 -1 2781 17399 1181 -1 2880 46398 1939 3 3548 15 700 46393 1441 2 2373 -23199 1952 6 1854 3 2776 -23199 2015 -6 87 38666 2740 13533 92 11600 1667 -38666 3004 -11600 3517 -3 3525 -30 1721 23199 3381 11592 1587 34803 161 -1 1793 1 1523 11611 2466 -7733 2392 23200 2335 7 1334 -29005 33 -1 2977 23200 1888 -23201 19 23199 522 46396 1821 -3 2594 -46393 3304 34805 1824 6 3505 -46396 1148 -23201 1207 -7733 1367 28355 1314 -11600 3475 29005 31 6 812 23197 1853 -3 80 38666 
2482 2488 -1 2496 -46398 
2997 
3324 3301 2 3304 -23199 3300 2 
8 909 15466 439 30933 1672 -30933 727 30933 1064 -30933 733 46398 720 30933 722 46398 417 -46398 432 30933 1007 -30933 3304 -30933 1352 -30933 
3061 
2987 
180 
3218 3201 -1 3224 46398 
1271 1264 -1 1249 -3 
2995 3004 1 
438 1576 -46398 3304 1 
371 1991 46398 1159 -46398 380 -46398 1319 1 
1685 1424 1 3276 1 1525 -6 2594 -3 1430 3 1436 3 3381 -1 2037 -3 1469 3 1426 3 1077 -1 1589 -3 2005 -3 1437 3 1458 3 1441 3 1431 1 1141 -3 
1519 
2778 
997 993 -46398 996 46398 
1857 1888 -1 
3540 
2695 2696 -1 
3603 3612 1 
1265 1277 1 1267 -1 1276 1 
807 
1628 1604 -46397 1605 -46397 
1485 
1633 1651 -23199 
3338 
1359 
2754 1314 -34799 1304 -46398 179 23199 1986 23200 1297 -1 1276 -1 1267 1 33 1 2 -1 2434 -1 1218 1 161 1 2594 -1 60 -23200 2335 -1 
3661 
1659 1651 23199 1649 -1 
3585 3612 23200 
3355 3346 1 
3140 3141 -1 3137 1 
54 2594 -46398 1570 -46398 
2856 
3135 
920 900 -1 914 46398 901 -1 
2613 2594 1 
2625 2656 46398 
1281 1304 -1 1307 -1 
598 
2657 2684 23200 
3026 3036 23199 3032 -1 
2933 
2737 2749 1 
876 
1379 1383 1 1352 -5155 3304 1 99 -1 1991 -23200 2466 15468 135 1 1363 -30932 1059 -15468 92 -46397 1364 -1 1319 -11600 131 -1 322 1 1360 -5155 655 -1 1315 46398 2781 -1 1667 -15468 2776 1 69 1 1987 46397 87 15468 356 -1 2594 -46398 161 -1 1367 -5155 179 23200 195 1 380 23200 80 15468 357 -1 68 1 103 1 
22 150 1 1398 1 118 1 1572 -1 1573 -1 1569 1 
3043 
762 1771 1 
2398 
3021 
3228 3201 2 
3592 
2204 2177 2 
3316 
3702 
1899 3517 -1 3480 1 3484 11600 768 46398 763 -46398 1803 46398 3505 1 2261 -1 1707 -1 760 1 3483 -46398 2155 -46398 3475 11600 
3058 3057 46398 3072 1 
717 
3231 
2330 
3162 
2311 
1223 
2254 
2607 
2169 1337 23200 1744 15466 1760 1 1751 15466 1689 -15466 1081 -15466 
3544 3549 1 3525 -46395 3524 -46395 3548 -2 
3530 
998 
250 
3385 
564 
660 
1960 
1112 1905 1 1572 30934 1113 -23200 2161 -1 1721 23200 1109 -1 1713 -46398 1536 -4 1952 -1 1887 1 554 -23200 3558 -1 3388 -30934 812 -23200 2129 -1 1525 -46398 2140 -1 1728 -1 3392 -15469 3524 -46395 2130 -1 2372 -23200 2110 23199 1881 -23199 2162 -1 1573 30934 1174 15467 1587 -15467 1152 1 1906 1 2776 23199 3525 -46395 2386 -23200 3484 1 150 -30934 1147 -1 2015 1 1437 -1 2168 1 1151 1 1589 1 1398 -30934 1752 -23200 118 -30934 1334 1 1425 1 1920 -1 2769 -23199 2335 -1 1120 1 2171 1 673 -3 704 -1 1810 1 31 -1 3548 -2 700 1 2594 -1 3304 -1 2392 23199 3475 -1 1745 23200 1430 -1 1824 -1 1939 -23200 3381 30934 1119 1 1714 1 1523 -2 2373 -23200 2113 1 1144 -1 2037 1 1809 1 1115 -1 
7 1319 -34799 353 1 380 23199 1991 -23199 
3156 
2822 
3421 3416 1 
1529 
603 594 1 
2223 
2448 2433 46396 2434 46396 2455 -1 
206 
386 
66 322 1 35 -46398 655 -1 1218 -1 1319 -11600 357 -1 356 -1 179 -23199 2466 46398 161 -1 135 1 103 1 380 23200 1383 1 1991 -23200 
204 
701 700 46398 699 -1 673 -46396 704 -46397 
3440 3451 3 3441 3 3447 46398 
3285 3276 -1 
918 
2941 2931 -23200 2939 -1 
64 1314 34799 2335 1 60 -23200 1986 23200 2146 1 
2745 
1473 1500 23200 
3352 3329 -1 3346 -1 
3430 
3243 
1976 1981 -46398 
21 1426 46398 1525 -46397 1430 -1 1437 -1 2037 1 1409 1 1141 -46398 1458 -1 1436 -1 1589 1 1469 -1 1441 46398 2005 1 2594 -46398 
1139 2003 23199 1721 -23200 1007 30933 92 23200 2008 46398 444 -1 1360 -36088 2740 34799 434 -1 1572 -30933 3392 3 2466 -15466 727 -30933 1064 30933 1573 -30933 704 23200 3475 11600 439 -30933 2776 23200 87 30933 80 30933 1315 -11600 1992 1 1330 -46398 733 1 1059 -30933 722 1 1174 -38666 432 -30933 1536 1 150 30933 1217 2 1248 2 3484 -11600 1881 23199 440 -1 3548 1 2880 -46398 1148 -46398 3304 -38665 2110 -23199 2002 46398 1180 -23199 1441 46398 1367 -36088 1336 -46398 1752 23200 1523 -23199 1398 30933 2849 1 1861 23200 1128 1 2594 23201 1667 -30933 1331 -34799 554 23200 720 -30933 1458 -1 1352 -5155 1745 -23200 1249 1 812 23200 1672 30933 1340 11600 1176 1 3525 46397 1170 1 2696 -46398 2392 23199 118 30933 1469 -1 1363 -7733 1724 -46398 2386 23199 1113 23200 673 23200 1715 -1 1704 1 3524 46397 3388 23201 3381 -23200 1987 -23200 909 -15466 2769 11599 2372 -23200 2781 -34799 1888 -23199 1334 -11600 1276 23199 1860 23200 2373 -23200 1587 38666 
1402 1792 -46396 1770 -3 1178 -1 842 46396 2170 46396 1765 1 1764 1 1779 1 506 3 154 -1 596 -3 122 -1 2810 -1 
1269 
3459 
1549 2111 1 959 -46398 2125 46398 1887 1 
3368 
2974 
3681 3712 -1 
181 1437 -1 1493 -1 1589 1 1109 -1 1425 1 1525 -46398 1430 -1 2037 1 
192 179 23199 
294 
1931 
748 779 1 
3394 
2521 
3371 
957 1709 -1 2029 1 3517 -1 3505 1 952 1 
134 260 -46398 1382 46398 582 -1 229 1 288 1 2278 -1 102 46398 1318 -23199 2150 -1 179 23200 3558 -1 1556 -1 256 1 161 -1 228 1 261 -46398 195 1 
1855 1854 -1 
2334 
2759 
830 
2839 2844 -23201 2832 46398 
839 845 -46398 
3477 
3372 
2991 
2483 2496 -2 
912 919 46398 901 -3 909 -1 900 -3 
2310 
3472 3479 -1 3484 -11601 3475 -11600 
2655 
3445 
2983 
3091 3073 2 
2694 
3403 
2028 812 -2 2037 1 1109 -1 842 -46398 792 46398 1525 -46398 1022 -1 1425 1 622 -2 1493 -1 797 -46398 1589 2 1237 1 1708 -46398 1621 1 1430 -2 1437 -1 
3012 3036 -23199 3013 46398 
379 1895 -46398 1991 -23199 1703 1 376 -1 380 23199 1799 -46398 1319 -11600 
3202 
223 
1362 1360 -36088 1361 -1 1364 -1 1367 -36088 1352 -36088 1363 15466 
2791 
2228 2222 1 
501 1418 1 
1356 
3635 3617 2 
1258 
2022 2278 46398 288 -1 285 1 1798 -1 283 1 1894 -1 2150 1 
1585 3094 1 1718 -1 1592 1 1110 1 
2732 
1375 
2714 
719 
1447 
28 1185 -1 1987 23198 20 1 2977 -1 1340 34800 1398 -46398 3304 23201 1076 -15466 3381 23199 3524 46397 3525 46397 1334 11599 1523 23201 1861 -23199 1276 23201 1249 -1 19 1 3484 11599 1304 46398 2769 -34800 1153 -1 1684 -15466 2003 -23200 2849 -46398 1888 23200 1207 15466 2594 23201 1352 -15466 3388 -23199 596 1 3548 1 150 -46398 1367 -15466 80 -46398 87 -46398 1360 -15466 1315 11599 1573 46398 1587 -23199 1297 1 1860 -23199 2781 -11599 1059 46398 2466 1 554 1 2740 -3866 92 -23198 1331 -11600 3475 -11599 1363 23200 3004 -23199 1267 -1 118 -46398 2880 1 2222 1 1180 23200 704 23201 1174 23199 1364 -1 1667 46398 1200 15466 1985 1 3392 1 1313 -1 673 -23198 1572 46398 1536 3 
1754 2110 -46398 1785 1 1881 1 2810 -1 
1571 86 -46398 
833 849 -1 859 -1 
1020 993 -46397 
164 179 23200 165 -1 
2123 767 1 
1158 288 2 1318 23199 275 -46398 2150 -2 
3380 
2304 2300 -23200 
3519 
2622 
481 596 1 1162 11600 1994 11599 522 1 10 -46398 499 -11600 508 -11599 554 1 
2982 
3572 
2920 
854 
1342 1854 -4 1726 -4 1952 4 2072 4 2067 2 1182 -2 1493 46395 1150 -4 1939 2 842 4 2066 4 2110 4 
2843 2844 -23200 2840 -1 
3053 
1490 1499 1 
724 
1454 
639 
3492 3493 46398 3489 1 
785 1109 1 1100 1 1708 -1 2037 -1 842 -1 622 1 1425 -1 1589 -1 792 1 1430 1 812 1 1437 1 1525 -1 1493 1 
2105 2110 -46398 
840 
576 563 23199 554 23200 
2390 
2114 63 -46398 
2508 
197 224 -1 196 46398 
3398 
2559 
2571 
2184 
3547 3525 46392 3549 -1 3548 3 3524 46392 
2767 
2882 
2819 
814 
1455 
2635 
1522 1523 -46397 1525 46397 1531 -46398 1536 -46395 
186 
3455 
3295 
340 
112 1323 23200 1335 23200 2222 -23198 3388 -12 1200 -23200 2335 -12 1824 -9 1986 23201 2130 46390 1218 3 1060 1 1853 9 2110 9 1815 -1 1684 23200 2035 -3 1153 23198 2015 -46390 1315 -34800 1157 -23198 704 46392 1399 -1 1889 -3 2171 9 596 -23198 3525 72 1821 9 1691 1 389 23201 1360 -15466 1352 -15465 1316 11602 1681 1 1917 9 92 23201 2781 -34803 2769 34803 1314 -11599 29 3 2880 5 1848 -9 1888 -34800 812 -46390 1328 23200 387 23201 2466 1 1367 -15466 1181 3 1971 23199 1952 -9 2977 23198 1156 -23198 1728 -3 1364 -23201 1185 -23201 2849 5 1860 11599 1174 -15460 147 23198 2155 46397 2162 -9 2434 46396 768 -46397 1587 15460 522 9 700 -46390 118 30920 1297 23198 1152 9 1572 -30920 1104 -1 3304 11592 1111 -1 1398 30920 1667 -1 1808 -1 1715 3 1920 -9 1714 9 1469 -9 1363 23200 3558 -9 388 23201 1668 1 80 1 764 1 161 3 1151 -46390 2161 -3 3381 12 3004 34800 1176 -3 1441 -9 1207 -23200 2040 -9 3517 10 119 -1 179 -23201 19 -23198 2129 46390 1120 3 1984 -1 3524 72 2 -3 3505 -9 33 3 1076 23200 1911 -1 1336 -23201 27 3 1119 -46390 1304 23201 2594 34786 1061 1 1523 -19 3057 -3 87 1 2140 46390 1725 9 1669 1 1329 -23198 1939 -23204 2017 -3 2113 9 673 46374 1395 23198 3069 3 1334 -23190 31 -9 1144 -9 2043 -9 1313 11599 60 -23201 1083 1 20 23201 151 -1 3484 -11589 1854 -9 1887 8 1995 -1 1904 -1 1147 -9 2740 -23202 3489 1 2278 46390 1793 -3 1573 -30920 1059 -1 2186 -1 150 30920 1906 9 1810 9 3548 -36 1861 11599 2168 3 144 -1 1458 -9 1536 46361 3515 1 3475 -34810 1392 -1 1317 11602 3392 -24 554 -23198 115 23198 1073 1 1987 -23201 385 -23201 
3664 3671 -1 3676 23198 
3533 
3405 
83 1667 15465 1987 46396 92 -46396 1059 15465 2466 -15465 87 -15465 80 -15465 1155 -46398 
805 801 1 804 -1 
1095 1703 -46398 376 46398 369 -46398 2696 -46398 
3490 
2634 
1326 622 2 977 -2 14 2 1806 -46397 987 46397 704 -2 700 2 1902 -46397 1102 2 2222 2 961 -2 673 -6 
738 43 1 
2615 2593 -3 2608 46398 
299 
2535 
2453 
2298 
2738 2386 -1 727 15466 2743 -15466 2740 7733 2749 -1 434 -1 2736 -15466 1704 1 733 -46398 909 30933 1007 -15466 1128 1 444 -1 2696 -46398 3304 30933 2372 46398 720 15466 1992 1 439 15466 1672 -15466 1352 30933 1064 -15466 2373 46398 2392 -1 722 -46398 432 15466 440 -1 
2452 
167 179 -23200 161 1 
2572 
1510 
93 2019 1 88 1 1699 -1 2781 46398 2776 -46398 
604 596 2 577 2 
1015 1007 -1 1008 -1 993 -3 
3418 
2468 2469 -1 2496 -1 
403 388 -23201 389 -23201 385 23203 387 -23201 
3432 
922 
2385 2373 46398 2386 -1 2372 46398 
3446 
1559 2125 46398 959 -46398 1552 46398 1563 3 1553 3 1887 1 2111 1 
271 1030 -46398 
3227 3201 46398 3224 46398 
2104 2097 1 
2191 
802 
2777 2776 46398 2781 -46397 2769 46398 
624 631 -1 636 -23201 
1652 
171 
2086 
2415 
2968 2961 1 
1099 2261 1 1707 -46398 760 46398 753 -46398 
1844 1848 1 1854 1 1853 -1 
1546 
2271 
3366 
2573 
2842 
2689 2707 23200 
2905 
533 
1730 57 1 
2212 2213 46398 2209 1 2222 1 
2440 
3074 
666 
2255 
806 
3554 
342 
90 1763 -46398 
1235 1217 -1 1248 46396 
3008 3004 23199 
3555 
740 1887 1 727 -1 1323 -1 720 -1 2880 46397 582 -46398 1971 -23199 2794 -1 655 -1 733 3 2849 -2 1984 -46398 673 46397 741 46398 722 3 139 -46398 704 46397 1995 1 2155 -46396 768 46396 764 -1 107 -46398 1387 -46398 
2198 
1524 
1630 1621 -1 
3562 
2924 
1051 1651 -23199 1711 1 1984 1 1971 -23199 1807 1 1664 -46398 2159 -1 1903 1 2111 -1 1048 -1 1056 1 
2302 
2788 2794 1 2812 23200 2789 -1 
1479 
1468 1441 -46397 
2181 2177 1 2180 46398 
3330 
3144 
3600 3612 23198 3607 46398 
152 1092 46398 1728 1 2781 -23199 1393 -46398 120 46398 2161 -46398 1093 46398 2168 -1 1700 -46398 2594 -23199 2769 -23200 145 -46398 1400 46398 113 -46398 1329 23199 1701 -46398 1120 46398 1336 23200 2794 -1 
2602 
3370 
3136 3105 -1 
694 
226 
2245 2241 1 2244 46398 
2407 
2338 
3628 
2378 
3066 
674 
705 722 46398 733 46398 
220 224 -2 
1489 1500 23199 1493 46398 1499 46398 
562 571 -46398 
3439 
1505 1536 -3 1523 -1 
3344 3329 -3 3351 -1 
3139 
838 845 46398 
2619 2593 -1 2594 23199 2621 -1 
3326 
3570 3579 1 
3056 3063 -1 3072 3 
2296 2289 -46398 
2418 2424 -1 2419 23199 
653 
3099 3090 1 
2945 2962 -1 2961 -1 
3271 
532 
325 324 46398 322 -1 349 -1 338 -1 
808 
505 554 1 812 -1 1738 -46398 
398 406 -1 
890 
3116 
758 1579 -46398 
3155 3137 2 
1859 
2827 
3640 3645 1 
2243 
2365 2360 -46398 
3564 
853 
2580 
2151 3591 46398 1319 11600 384 1 1991 23199 380 -23199 
225 228 -1 256 46397 229 -1 
1233 1217 2 1218 -1 1240 -46398 1237 1 1248 -46397 
3089 3090 -1 3094 -1 3073 -1 
514 
1757 1752 23200 1441 46398 2386 -23199 554 -23200 3548 -2 1881 -23199 2110 -23198 1458 -1 812 23201 2776 23200 1469 -1 2392 23200 1113 23199 2373 23200 2041 -46398 3524 4 2769 -23199 3525 4 1721 -23200 2781 -1 2372 23200 1745 -23199 
392 387 -1 
3250 3249 -1 3233 -1 
3663 
219 210 -46398 
2343 
3639 3617 46396 3632 46398 
2431 
3435 
1164 769 1 3004 -23200 800 3 12 -1 2156 -3 787 1 2977 1 
1890 1986 -1 1297 1 1267 -1 1794 46398 60 1 59 -46398 2 1 2594 -46398 2434 -46398 1276 1 2335 1 161 -1 2018 46398 33 -1 61 -46398 1304 46398 179 23200 1218 -1 
691 673 -1 704 -3 
1512 
2235 2225 -1 2209 46398 2222 -1 
2464 2434 -1 2433 -1 
2548 
697 
2437 2436 -1 2434 1 2433 1 
2361 
2912 2908 23199 
2519 2512 -1 2528 3 
383 2119 -46398 
3668 
341 
3434 
2268 2241 2 
2472 
2435 
2500 2528 -1 2501 46398 
1472 1441 -1 
2823 
2956 
3542 
3568 3575 -1 3576 3 3579 3 
2068 3069 -1 1214 1 3004 23199 3057 1 2977 1 
575 
1938 1939 -23199 1947 1 1952 1 
3382 
2798 
1526 1520 -1 1527 -1 1523 1 1536 -46394 
946 1997 1 956 -1 13 -1 1133 1 1709 1 929 1 2434 -1 952 -1 
346 
1310 
999 1007 -1 
3078 
857 
2683 2680 46398 2684 -23200 
1371 1361 -1 1352 10311 1363 15466 1367 10311 1360 10311 
2750 
1534 
3462 
3602 3612 23199 3601 46398 
3148 
1876 1881 1 
3252 
2160 1119 -9 1330 11599 1267 -23201 1315 17400 1971 -23200 1185 23201 1180 11599 27 46396 1667 -23199 1083 -1 2043 9 1144 9 20 -23201 2129 9 3525 46327 704 -34790 150 7746 1059 -23199 1334 17390 1344 -23198 1793 -46396 1520 1 1104 1 1111 1 2035 3 1848 9 3515 -1 1329 -23201 1725 -9 812 -9 1889 -46396 118 7746 60 23201 1398 7746 1920 9 895 46398 1808 1 2110 -9 3004 11599 2740 5799 3057 -46396 1573 -7746 1810 -9 1207 23200 1904 1 1906 -9 1249 -23198 2113 -9 2008 -23198 1917 -9 2015 46390 1887 -9 179 -23198 1360 7733 1696 1 1200 23200 554 -23201 1313 -11599 1458 9 1536 23229 1151 -9 1304 -23201 1987 34800 3381 -34811 3548 36 2335 12 2222 -23201 1684 -23200 1984 -1 2140 -46390 1336 34800 596 -23201 1340 -17400 3505 -46390 2 3 1153 23201 3489 -1 1469 9 1176 3 1952 9 2769 28996 1527 1 1986 -23201 1088 1 700 46389 2040 9 1363 -11600 1681 -1 19 -23201 29 -3 1276 -11599 2781 17403 2171 -9 1367 7733 2003 -11599 2434 3 1174 -3873 2167 -1 2002 -23198 3304 11609 1441 -46390 1572 -7746 2130 9 1073 -1 1691 -1 1853 -9 2111 1 1352 7733 2278 9 1076 -23200 1724 23198 1331 17400 33 -3 1714 -9 1248 -23201 1911 1 2977 23201 1218 -3 1120 -3 3392 23220 3558 9 3388 11610 87 23199 2017 3 3517 -10 3475 29009 1939 23204 2466 -23200 522 -9 1314 -34800 1854 9 1824 9 3524 46327 1821 -9 1147 9 673 -34770 1715 -3 2161 3 1297 -23198 1587 3873 80 23199 1181 -3 2162 12 1364 23201 1152 -12 92 -34800 1523 11616 1815 1 3069 46396 2186 -46398 31 9 3484 -29009 1148 23198 2594 -46386 1217 23198 161 -3 
1012 
958 2061 -46398 
317 307 -23200 306 -1 
2620 2593 2 2594 23200 
3396 3411 -23199 3397 -1 
2799 
939 749 -46398 3505 -46398 582 -1 3517 -1 1887 -1 
529 540 23199 539 -1 
1574 278 -46398 
1852 1848 -2 1842 -2 1854 -2 
1926 
3684 3712 -1 3685 46398 
3427 
2393 2392 -1 2373 -1 2386 -1 2372 -1 
1615 
1219 1218 -1 
1450 
936 429 1 
3650 
1624 1629 1 
2487 2496 -46396 2466 1 2480 -1 
321 349 46398 338 46398 
1611 
3030 
314 
3466 
1830 
3659 
2914 
114 2849 1 1340 -5800 1394 46398 1157 -23199 1536 -23200 1092 -46398 2466 38666 3392 -23200 2002 23200 1093 -46398 1248 23200 1395 23199 145 46398 1331 5800 1363 -27066 92 11600 87 -7733 1334 -40599 1728 -1 1861 11600 704 -11600 115 23199 2161 -1 3381 -11600 1724 -23200 1249 -23199 118 7733 2003 11600 1317 11600 1336 -11600 1523 -11600 1174 -27066 113 46398 3484 17400 2008 23200 1398 7733 80 -7733 1180 -11600 1572 -7733 1276 11600 1360 -18044 1573 -7733 1120 1 150 7733 1329 -23199 2781 -5800 1367 -18044 673 -11600 146 46398 1267 23199 2880 -46398 2769 5800 2794 1 1587 27066 1393 46398 3475 -17400 1888 -34799 1330 11600 1987 -11600 1667 7733 1316 11600 2594 34799 1217 23200 3388 -11600 1124 -46398 1352 -18044 1125 -46398 2740 17399 1315 -5800 2168 1 1148 -23200 1860 11600 147 23199 1156 -23199 1059 7733 
3327 
1544 
2713 
2258 2267 1 
1266 1277 -1 1249 1 1276 -1 
531 540 1 
1439 2133 -46398 
2152 1352 15466 1007 -30933 727 30933 733 46398 1672 -30933 444 1 722 46398 1064 -30933 720 30933 439 30933 909 -30933 448 1 1992 -1 3304 15466 432 30933 
3551 3524 4 3525 4 3548 -2 
2603 
3111 
232 
1121 522 4 596 -23199 1458 -3 1441 46396 3004 -34799 812 3 2017 -1 3392 23192 1364 23200 3517 3 1360 -38666 1218 -1 1939 -23201 1469 -3 2110 -46396 1076 -7733 1367 -38666 1854 -3 19 23200 3057 46398 1119 -46396 1304 23199 1180 11600 1336 -11600 2003 -11600 2740 -1933 1313 -11600 554 -23199 2040 46396 1714 -46396 2335 -3 1176 -1 20 -23199 1331 -5800 1523 11594 2977 -23200 1152 3 3484 -5797 1824 46396 1248 23199 118 38662 1200 7733 704 -34802 3381 11604 1059 23200 1330 -11600 2162 -3 1906 -46396 1573 -38662 1887 3 1174 -19331 80 -23200 1684 -7733 1315 -28999 2008 23199 1363 -11600 1340 5800 2278 46396 1917 -46396 1667 23200 1217 23199 2130 46396 1276 -11599 1147 46396 1181 1 1715 1 2113 3 2002 23199 3388 11596 2466 -23200 1853 3 3304 -11603 2140 46396 18 1 2015 -46396 1536 23188 1398 38662 1572 -38662 1352 -38666 1148 -23199 1151 -46396 1987 -11599 3558 -3 1810 -46396 3505 46396 1821 -46396 700 3 2129 46396 1297 -23199 1587 19331 3069 -46398 3475 5797 1249 23199 2594 -23202 2781 -28999 1725 -46396 92 11599 1920 46396 3525 -46375 2222 -23199 673 -34808 2035 -1 1267 23199 1144 46396 29 1 2769 28999 31 -3 1153 -23200 87 -23200 1334 -5797 1952 -3 1848 -3 1724 -23199 150 38662 2171 -46396 2043 46396 1207 7733 3524 -46375 3548 -12 1185 23199 
1722 1777 46398 1493 2 1881 1 596 1 1784 1 842 -1 2110 -1 1114 -46398 1854 2 1853 -2 1848 2 
2138 1791 -46398 
1653 
1838 
675 
1390 3475 11599 961 -1 142 -1 965 1 3484 11601 14 1 110 -1 964 1 2222 1 3488 1 
289 307 23200 
1423 1045 -46398 
578 
3123 3105 -46397 
3172 3184 15466 3173 46398 3191 15466 
221 210 46398 224 -46398 
1561 
1256 
2804 
1851 1842 1 1854 2 1848 1 1853 -1 
3349 
2851 
1369 
2413 
2818 
3323 3300 -1 3325 -1 3301 -1 3304 23199 
670 
3161 
2522 
217 
3107 
644 645 -1 641 1 655 1 
689 704 -46397 673 3 699 -1 700 46398 
259 70 -46398 
3040 3036 23199 
3518 
1078 1591 1 1573 -30931 1584 1 1527 -46398 150 30931 1587 15467 406 -1 2594 -46398 1523 46398 118 30931 1334 -1 1398 30931 1686 -1 1536 -5 1572 -30931 1174 -15467 1520 -46398 
3051 
2770 2781 46398 2784 1 
3365 3381 15466 3392 -30933 3364 -1 3388 -15466 
3189 
3124 
2934 
2460 2434 -46397 2433 -46397 
2574 
3580 3579 -2 3558 1 3576 -2 
1875 1888 46396 1861 -1 1881 -1 1860 -1 
886 
2206 
2831 
1761 1770 3 596 3 1779 -1 1178 1 26 -46398 1792 -3 842 -46396 506 -3 2170 3 
3112 
405 
1324 769 -2 3004 1 2977 -2 2156 2 800 -2 12 2 
3631 
3534 
527 
1509 1508 46398 1536 46396 1523 46398 
1816 1147 -46398 2162 1 3388 15467 3525 -4 1573 15465 1119 -1 3304 1 1714 46398 1824 -46398 522 -1 1113 23199 2372 23199 812 -23200 1920 -46398 1587 -30932 1912 46398 1906 46398 1334 46398 2776 23199 1572 15465 622 -1 1441 -46398 1237 1 2373 23199 1853 -1 1887 -1 1723 -46398 1458 1 1152 -1 118 -15465 2171 46398 2335 1 1151 -1 1854 2 3475 1 3381 -15467 2129 1 1721 -23199 1469 1 1174 30932 3524 -4 2140 -46398 1752 23199 554 -23200 1536 -46395 2110 23199 1525 46398 1810 46398 1398 -15465 3558 1 704 1 31 -46398 2015 46398 3392 30934 2386 23199 1144 -46398 3484 -1 1745 -23199 1848 1 700 -1 673 3 2130 1 150 -15465 2769 -23199 3548 2 2392 -23200 1881 23200 1523 -46397 2113 46398 
1858 
836 859 -1 837 -1 849 -1 
3535 
3253 
3375 
3378 3388 -30932 3387 1 3381 30932 3392 -15465 
1580 790 -46398 
721 733 -46398 
2399 
3003 3004 23199 3000 46398 
1501 1500 -23200 1499 -1 
1333 1469 -4 2037 4 2005 2 1430 -4 1458 -4 1525 8 1589 4 1426 -4 1437 -4 1436 -2 1441 46395 1141 4 2594 4 
2179 
3158 
906 
2470 
2331 2336 1 2335 1 2333 -1 
1695 1527 1 2111 1 1520 1 895 -1 2335 -3 1887 1 31 46396 2135 1 2113 -46396 1536 46390 2128 1 1087 -1 1523 46396 
1234 1218 1 1248 1 1240 -1 1237 -1 
3393 3411 -23199 
1862 
1717 2037 2 2594 -46397 3381 -1 1458 -2 1425 1 1469 -2 1109 -1 1237 -1 1525 3 1432 -46398 1441 46397 2261 -1 1430 -2 1589 2 1437 -2 
2828 
3257 
572 563 1 554 46398 
513 540 -23199 522 -1 
2383 
1521 1525 -46398 1536 46396 1523 46397 1531 46398 
2108 2097 46397 2098 46397 
2671 
3236 3233 1 3237 46398 
191 
3317 
913 901 -1 900 -1 914 46398 
2284 
1280 1249 1 1276 -1 
3096 3073 -1 3090 -1 
2850 
3520 3489 -1 
2803 2812 -46398 
3609 
1255 
1495 1500 -23201 1488 -1 
2773 
2006 150 -15465 1587 -30933 1174 30933 1573 15465 1596 -46398 118 -15465 1572 15465 1398 -15465 
1127 1319 -34799 376 -46398 1703 46398 370 -46398 1991 -23200 380 23200 
1762 58 1 
879 
3618 
3437 
3498 
3278 
3604 
2269 2267 -1 2241 -1 
1246 
3623 
3350 
3168 3137 46398 
1872 1888 3 1879 46398 
703 
2523 2528 1 2525 -1 
2988 2977 -1 3004 23200 
1871 
1780 1881 -1 1854 -1 1848 -1 596 -1 1853 1 1210 1 
1543 
3230 
902 909 46398 
2990 
2197 
2647 2656 3 2640 -1 
1617 1629 -46398 
3476 
1820 2434 1 19 23199 2040 3 3517 -3 700 46396 1059 7734 2594 -23196 1267 23199 1793 1 27 -1 1217 23200 1810 -3 2769 17399 1889 1 29 -1 3558 2 1587 -19331 1367 -2578 1714 -3 2278 -46396 3069 46398 3475 -5797 1314 -11600 1340 -5800 2162 -46397 1441 3 1854 3 3004 -11600 2130 -46397 1724 23199 2110 46396 812 46396 1917 -3 2043 3 1398 -38662 1906 -3 3505 3 2977 -23199 3057 -46398 2011 -46398 673 -11591 3524 -24 1364 23200 1315 29000 161 -1 1352 -2578 1860 1 87 -7734 1153 -23199 1916 46398 1684 -38666 2140 -46397 1888 -46398 596 -23200 1920 2 1573 38662 1572 38662 1148 23200 1144 3 1248 -23199 80 -7734 2 1 2740 -44466 2035 1 1725 -3 1848 3 1119 46397 33 -1 1276 11600 1952 2 1176 1 1331 5800 1336 11600 1334 5797 1181 -1 1458 3 1313 -34799 1185 23200 1821 -3 1207 38666 1330 11600 179 23200 118 -38662 1218 -1 92 -11601 1536 23211 1147 3 1297 -23199 3381 3863 2008 -23199 1715 -1 3304 11602 1200 38666 1363 -3867 1986 23199 2781 -17399 1861 1 1887 -2 2171 -2 1249 -23199 2113 -2 1939 1 1152 46397 1360 -2578 1304 -23200 1076 -38666 3392 -7727 1667 7734 2466 38665 522 46396 3548 12 1824 2 20 -23200 1151 46397 2335 3 1469 3 3525 -24 3388 -27063 704 -11597 2017 1 1174 19331 31 2 150 -38662 2222 23199 1853 -3 1523 34805 1987 11601 2003 -34799 60 -23199 1180 34799 2129 -46397 2015 46397 554 23199 2002 -23200 3484 -40602 
2210 
1963 1984 -46398 1971 -23199 
1831 
3523 
1135 1651 23199 2159 -46398 1056 46398 1664 46398 1711 -1 2111 1 1984 46398 1048 1 1971 23199 1042 1 
627 636 1 
2256 2263 46398 2241 -3 
2741 
2507 
3011 
2906 
1384 420 -46398 655 1 380 -23200 357 1 195 -1 909 15466 135 -1 1383 -1 161 1 1007 15466 356 1 104 46398 3304 -30934 1991 23200 1319 11600 136 46398 103 -1 421 -46398 322 -1 727 -15465 432 -15466 1352 -30934 1064 15466 1672 15466 722 46395 387 -1 179 -23200 720 -15465 439 -15466 733 46395 
2192 2177 -3 2199 46398 
2585 
3060 3057 -1 3069 1 
3064 3057 1 
2659 
3374 
3010 
2154 512 1 1162 34799 499 -34799 1994 34799 508 -34799 
1562 
1422 981 -46398 
3104 3073 -1 
2678 
3569 3576 1 
3298 
2932 
1538 
2978 
1279 
3286 
2623 
3048 
235 
3185 3192 1 
3582 
3151 
1480 
1474 
245 
3126 
1444 1441 1 1445 46398 
295 1319 34799 103 1 135 1 322 1 655 -1 1991 23199 179 -23199 356 -1 357 -1 1383 1 161 -1 380 -23199 
108 3004 -23199 772 1 2977 -1 773 1 12 1 140 -1 769 -1 1388 -1 
2575 
1941 
684 
935 365 -46398 
2943 
2203 2177 -1 2205 46398 
3516 3489 2 
2190 
3669 
774 268 1 
625 622 -1 636 23199 635 -1 
2676 
2479 2466 -1 
926 
1657 
2942 
1018 
3648 3617 -1 
1244 1248 46398 1217 1 
1533 1523 -3 1536 -8 1527 1 1531 -1 1520 1 
3410 3411 -23200 3416 -1 
2654 
2251 2261 1 
2894 
3157 
846 
3687 
287 3591 46398 3558 1 2118 -46398 
1846 
1551 
157 2781 23200 1715 -1 1151 -3 1336 23200 1398 4 150 4 2430 1 2021 -46398 2769 23199 3524 -24 3304 3 1393 1 2043 3 1939 -23198 2113 46396 1536 -46387 2168 -1 704 -46396 3475 3 2110 46396 1119 -3 1725 -3 1405 46398 1181 -1 1147 3 812 -3 1120 -1 1334 46396 1821 -3 1441 3 1728 1 1824 3 2035 1 3525 -24 3381 -4 1810 -3 1174 -2 2794 46398 118 4 1092 -1 1573 -4 1887 -3 2161 1 1952 3 2594 -23196 1587 2 3388 4 673 -46390 3484 -3 3558 3 2162 3 700 46396 2335 3 1152 -3 2140 -46396 1144 3 1917 -3 3505 3 3548 12 3517 -3 1093 -1 1458 3 2020 -46398 1853 -3 31 -46396 2171 -3 1523 -46393 145 1 1469 3 1848 3 3057 -46398 1176 1 2129 3 1329 -23200 1906 -3 3392 8 1854 3 2040 3 2130 3 3069 46398 1714 -3 125 46398 1920 3 113 1 2278 -46396 1572 -4 522 46396 2015 46396 
1560 1553 1 
2157 929 -1 13 1 1997 -1 956 1 2434 -46398 960 1 
3296 3291 -46398 3281 -46398 
1736 441 1 
1539 
3458 
1089 1329 -23200 1144 3 2015 46396 2278 -46396 1147 3 1218 1 29 -1 2129 3 3517 -3 3558 3 1398 -46395 1119 -3 2781 -23200 17 1 2335 3 3524 46375 1523 6 1276 -1 2161 1 1572 46395 1854 3 704 -46396 3475 3 1810 -3 1917 -3 3388 4 1853 -3 1469 3 1458 3 700 46396 2110 -3 1267 1 1336 23200 1728 1 2168 -1 2769 23200 1821 -3 2140 -46396 1536 12 1176 1 2162 3 2017 1 2035 1 1441 -46396 2043 3 1297 -1 3304 -46396 1887 -3 1181 -1 1152 -3 118 -46395 1920 3 596 -1 812 -3 2130 3 2594 -23197 3484 -3 2113 -3 1304 -46398 1725 -3 1587 -46397 3057 1 522 -4 554 46398 1151 -3 3069 -1 1848 3 1120 -1 1714 -3 3548 12 1334 46396 3505 -46396 1174 46397 1952 3 2040 3 1906 -3 150 -46395 1939 23201 3381 -4 1573 46395 1824 3 3525 46375 673 -46390 3392 8 1715 -1 2171 -3 31 3 
2031 1711 1 1053 1 1048 -1 
880 887 46398 895 -1 865 -3 
3677 3672 1 
629 
2888 
820 
3187 3184 30932 3191 30932 
2502 
3009 3036 -23199 
1914 1848 -1 1493 46398 842 1 1792 46398 1777 1 506 -1 1818 46398 1853 1 1114 -1 1787 -46398 1881 -1 1854 -1 1770 1 2170 -46398 
3379 3381 30933 3392 -15469 3388 -30933 
1416 437 -46398 
2869 
3131 3128 46398 3105 46398 
542 
3485 3480 1 
3046 
2764 
3279 
312 306 46398 307 23199 
851 859 -2 849 -2 
2790 
1026 2466 -1 2434 -1 47 -46398 
2262 
2873 
2902 
2417 2424 1 
3254 
3005 3000 -46398 
2287 
2570 
3686 
623 
3336 
1410 53 -46398 
4 1207 -38666 1153 23199 3484 34800 3304 -34798 1276 2 1377 1 1297 23201 2222 23200 5 -1 1313 11599 1316 -11599 2466 -30931 1860 -11600 179 -23199 3475 -34800 1888 -11600 80 -30931 1667 30931 129 1 2849 -46398 2781 11601 115 -23200 1157 23200 3004 11600 2977 23199 554 23200 1861 -11600 596 -23199 87 -30931 19 -23199 1367 -41243 1684 38666 161 -1 92 -23197 1395 -23200 1304 -23201 2880 1 1987 23197 2740 15466 1317 -11599 1267 -2 1360 -41243 2769 -11601 1185 -23200 195 1 97 1 1076 38666 1364 -23201 2594 11601 1363 7734 1352 -41243 1315 34798 147 -23200 20 23200 1059 30931 1200 -38666 1156 23200 
1021 1016 -46398 
690 699 1 700 1 704 -1 673 -3 
3711 
2753 1218 -1 33 -1 2 1 179 -23199 1297 1 2769 -23200 60 -23199 161 -1 1276 1 2594 -46398 2434 1 1304 46398 2335 1 1267 -1 2784 -1 2781 -23199 1314 34799 1986 23199 
2095 2111 1 
3226 
2495 
1750 1593 -46398 
2358 
2642 2656 -46398 2641 46398 
2996 3004 23200 2977 -1 
2612 
550 
2650 
74 483 -46398 
1847 1854 3 1840 46398 1848 3 1842 -46396 
847 845 46398 
309 1621 -1 1430 1 1237 -1 1589 -1 
2490 
520 
2852 2880 -46397 2853 -1 2849 3 
1788 1779 46398 1770 4 1792 -4 1178 -46398 506 -4 2170 4 842 4 2010 -46398 596 4 
1386 106 46398 1162 34799 485 -46398 508 -34800 499 -34799 138 46398 1994 34800 484 -46398 
3234 
1841 1853 1 
3195 3184 -15466 3191 -15466 3192 46398 
864 859 1 849 1 
685 
2534 
2471 
1118 1854 1 1939 23199 1493 1 2065 -46398 1952 -1 2072 -1 842 46398 1726 1 2110 -1 
618 
2381 
545 563 -23199 554 -23201 
2821 2820 46398 2844 23200 
3468 
3629 
2553 
1698 2018 -46398 61 46398 56 -46398 
1228 
3087 
1567 2111 -1 2125 -46398 1887 -1 959 46398 
2611 2594 23201 2593 2 
659 641 2 
1972 
646 
2568 
860 859 -2 849 -2 
3402 
3646 
821 
1640 
2710 
557 
1503 
3426 
2536 
2558 
178 184 -1 179 23199 
39 1383 -1 356 1 380 -23200 103 -1 354 -46398 1319 11600 135 -1 655 1 357 1 1991 23200 
3536 3525 -3 3524 -3 3543 -1 
3673 
665 
1942 
2584 2577 1 
834 
3362 
2342 
3553 3576 -1 3579 -1 
3644 3617 -46397 
2187 
1940 
861 849 1 
2890 
214 
319 
231 
696 673 3 704 2 699 46398 700 -1 
2503 
2023 381 -46398 376 -1 1703 1 
1928 
2355 2337 2 
695 688 -1 704 -46398 700 46398 
239 
2632 
372 1191 1 
3647 
1327 1971 -2 2159 4 1052 46397 1056 -4 1984 -4 1651 -2 1999 -46397 1664 46395 2111 4 
3181 
911 
1466 
1460 
1727 2129 46398 1119 -46398 2136 -46398 
2969 
2367 
75 739 1 
1188 1076 -15466 116 -46398 148 -46398 1207 15466 1684 -15466 1396 -46398 1200 15466 1189 46398 1364 1 1304 1 2740 -15466 1297 -1 
2513 2525 1 
716 
42 482 -46398 
430 968 -46398 
347 338 1 
208 224 -46396 215 -1 
1923 
301 
3701 
605 594 46398 577 -1 596 -1 
1998 1902 -1 700 -1 977 1 961 46398 987 1 622 -1 14 -46398 988 1 1102 -1 2222 1 673 3 1806 -1 704 1 
1003 
2107 2098 1 
1137 1905 1 522 46398 1721 -46398 3484 1 2130 -1 2386 -1 3388 -2 2335 -1 31 -1 812 -1 1536 46395 1952 -1 2372 46398 2171 -46398 3475 -1 1939 -23200 1587 30932 2696 46398 700 1 1458 2 1174 -30932 1147 46398 1810 -46398 3548 -2 2162 -1 2351 1 2769 -46398 1469 2 3304 -1 1217 -2 1809 1 2594 -3 704 -1 1906 -46398 1824 46398 3558 -1 1745 -46398 2776 -1 2129 -1 1523 -2 2392 -1 1854 1 1752 46398 1115 -1 2015 -46398 1848 1 1398 15465 3381 2 3524 4 1573 -15465 1151 1 118 15465 1218 1 1113 46398 1920 46398 1248 -2 1106 1 2373 46398 3392 -4 2110 46398 1887 1 1853 -1 1152 1 1334 -46398 2113 1 673 -3 554 -1 150 15465 3525 4 1441 2 2140 46398 1572 -15465 1525 46398 1119 1 1881 1 
3478 3480 -1 3484 34800 3475 -11601 3483 -1 
168 
1622 1621 -1 
825 812 1 
2047 895 -1 2141 1 3381 -30932 1151 1 3388 30932 2015 -46398 2335 -1 1527 -46398 1119 2 2129 -2 1520 -46398 2113 -46398 1523 -3 31 46398 3558 -1 1887 1 1536 46390 2130 -1 3392 15465 1854 -1 2140 46398 
2948 2961 -1 2962 -1 2949 -1 
1482 
2865 2877 -46398 
1286 
2722 
3186 3191 30933 3192 46398 3184 30933 
3132 3105 2 
2878 
1461 1469 -1 1441 -1 1458 -1 
3258 
1975 1971 -23201 1968 46398 
2477 
3622 
3095 3088 46398 3073 -3 
2937 
1645 
1442 
928 901 46398 900 46398 
1475 
358 845 1 161 1 3591 -46398 179 23199 263 1 
343 349 3 338 3 336 46398 
3093 
360 161 -1 357 -1 1319 34799 1383 1 356 -1 2696 46398 380 -23199 655 -1 423 -46398 103 1 135 1 1991 23199 1007 -1 322 1 179 -23199 
2316 
2321 2333 1 
3055 
3169 3184 -30933 3191 -30933 
2874 
1325 1997 -2 929 46395 956 2 13 -46395 2434 4 
327 322 -1 
1671 1319 -34800 1991 -23201 375 -46398 380 23201 368 -46398 1063 46398 
1934 
2411 
3308 
3022 
2518 
344 349 -46398 
2353 2351 -1 2360 -46398 
2705 2696 -46398 2715 -1 2707 23199 
3695 
2811 2813 46398 2812 -23200 
3018 
3239 
2554 
1805 2434 1 13 1 929 -1 956 1 1709 -1 952 1 1901 -1 1997 -1 955 1 
1502 1493 46398 
1103 2351 -1 1041 1 1711 1 1048 -1 
173 
1299 1307 46397 1304 -2 
3473 3480 -46398 
1341 3069 46397 1147 4 1715 -2 2278 4 150 -15461 1917 -4 2015 46395 1725 -4 3517 -4 3388 15471 1906 -4 2129 -46395 1458 4 2043 4 1536 -46383 1336 1 3484 -4 3475 4 1174 30930 2040 4 3525 46371 1572 15461 2035 2 2594 -46395 1119 46395 118 -15461 1821 -4 1587 -30930 1144 4 1523 -46391 1714 -4 812 -4 1573 15461 673 -46387 2130 -46395 2140 -46395 3057 -46397 1848 4 3304 4 2335 4 1398 -15461 704 -46395 1810 -4 1181 -2 1952 4 1152 -4 1854 4 1469 4 1441 4 1939 2 3548 14 1887 -4 2110 46395 3392 -15457 3524 46371 1151 46395 1920 4 2162 4 31 4 3505 4 1853 -4 2171 -4 1176 2 3381 -15471 2113 -4 3558 4 522 -4 1334 46395 1824 4 700 46395 
602 596 -1 
2792 
524 
1278 
411 401 46398 388 -23199 385 23198 387 -23199 389 -23199 
40 418 -46398 
2677 
2352 2359 -1 2351 -1 2337 -3 
377 1735 -46398 
1944 1947 -1 1939 23199 
3597 
668 641 2 
570 
2375 
255 
1619 1605 2 1604 2 
1292 
1528 1525 -46398 1536 -3 1523 -2 1531 -1 
3356 3329 2 
3637 
1647 1664 46398 1651 23199 
3160 3165 -46398 
1565 1553 1 
3620 3617 -46398 3621 46398 
2379 
2309 2336 -1 2308 -1 2335 -1 
1948 1939 1 
3649 3676 -23199 
1311 
949 1421 1 
3610 
2088 
2972 2962 -2 2961 -2 
2252 
3085 
2215 
1880 1873 1 
1977 
2109 2097 1 2110 46398 
2158 992 1 1102 1 3484 -34798 1022 46398 622 1 1770 -1 704 -2 673 -6 3488 1 700 2 895 1 406 -1 1902 1 987 -1 2222 -1 977 -1 3304 46398 1806 1 596 -1 3475 11599 506 1 842 46398 
2862 
664 657 -46398 
547 
803 
194 
3500 
3373 
3399 
1982 
1477 1476 46398 1500 -23199 
3130 
1937 1947 -1 1952 -1 1939 -1 
1867 1887 1 
2646 
2421 
1650 1649 -1 1651 23199 
3589 3612 23200 3588 -1 
207 
1024 1022 46398 993 46398 
2438 
1834 
661 
898 
858 842 46398 
2955 
726 
515 
3023 
1945 
3703 3712 3 3696 46398 
1471 
1775 1050 -46398 
2662 
1661 1649 1 
3688 
1126 283 -1 1798 1 274 1 1894 1 
198 195 -46398 
3343 
2364 2337 -46397 
3376 3392 1 3388 46398 3383 46398 
2809 2810 -1 
1741 953 -46398 
642 
2120 447 1 
1457 1469 1 
3674 
3683 
2644 
743 363 1 
3290 
862 842 -46398 
2389 
2796 
276 1556 -1 1190 -46398 
3415 3411 -23201 3408 46398 
3039 
3662 
2824 
3608 3601 1 
899 
856 849 1 
3238 
3590 3591 -1 
818 801 -1 817 -1 
3598 
1411 85 1 2594 -46398 
234 
1486 
3706 
1497 
2240 2222 -2 2209 46398 
2913 2931 23200 
1374 
2766 
2447 2434 -1 
2094 
199 
718 
3203 
3020 
1288 
3311 
3442 3451 -46398 
48 1058 -46398 60 23198 1314 -11599 55 46398 1666 -46398 1986 -23198 
2173 1587 -15467 1725 1 1573 -15465 895 -1 1147 -1 3524 12 2043 -1 3517 1 1920 -1 3548 -6 673 -3 1119 2 1939 -1 2168 1 2113 -46397 1520 1 3505 -1 1714 1 3381 -30930 1824 -1 1334 1 1152 1 2110 -46398 2171 1 2048 1 2162 -1 2278 46398 1536 -13 3525 12 1523 -5 1151 2 2140 -2 1887 2 1917 1 1441 -1 118 15465 700 1 1469 -1 1810 1 1854 -1 3558 -2 3388 30930 3392 15461 150 15465 1848 -1 522 1 1144 -1 3484 1 1458 -1 3304 -1 2335 -2 704 -1 1728 -1 2129 -2 1174 15467 1572 -15465 1821 1 2130 -2 2015 2 1527 1 31 46397 1022 1 3475 -1 1906 1 1952 -2 1398 15465 812 1 1621 -1 1853 1 2594 46398 2040 -1 
903 
816 823 -1 801 -3 
2478 
351 
2004 1207 15467 2880 2 1076 -15467 2740 -15467 1200 15467 2849 -46397 1684 -15467 1332 -23200 1212 1 
2380 
2637 
600 594 -1 596 -1 577 -1 
2579 2577 -2 2578 -2 
2630 
2517 
1230 
2277 2300 23200 2278 -1 2276 -1 
884 
2984 
3321 
2866 2880 -46398 2877 -1 
1537 1563 -1 1553 -1 
682 
3318 3304 -1 
2362 
1226 
2346 
1014 
185 
2291 2300 1 
1023 
3293 3281 -46398 
672 641 -1 
2901 
1547 
3102 
2183 
2096 2103 46398 2098 3 2097 3 
3419 3411 23199 3416 -1 
870 
2530 
3665 3672 1 
1658 
3299 3304 46398 
782 622 -1 1022 -1 1237 1 1621 1 1589 1 972 1 1430 -1 
416 389 -23199 388 -23199 385 23198 387 -23199 
3147 
995 
3594 
2497 2528 -1 
2283 
2042 1853 -1 1854 1 1848 1 1493 -46398 1881 1 1114 -46398 1777 46398 596 1 1789 -46398 
744 427 1 
1169 1745 23199 2392 -23199 1329 23199 1113 -23199 1721 23199 2594 23200 554 -23200 2386 23200 1276 -1 1176 1 1728 -2 1120 2 1469 -1 2110 23200 812 23200 1267 1 1752 -23199 1881 23200 2373 -23199 1441 46398 2168 2 1107 -46398 1715 -1 1458 -1 2776 23200 2372 -23199 2161 -2 1336 -23199 2781 -23200 
2293 
3606 
2854 
2414 
1564 1553 -2 1563 -2 
3697 3709 1 
3288 3281 -46398 
257 229 1 228 1 288 -1 1318 -23200 195 1 2150 1 179 -23199 161 -1 6 1 256 1 
686 700 -46398 704 46398 673 46396 
1660 1651 -46398 
1683 1075 -1 1083 -2 1469 18 2035 6 2168 -6 31 -46381 1175 1 19 -3 33 -6 1523 35 2466 46395 387 -23199 3004 23198 2171 -18 1684 -1 20 -3 2161 6 3484 23182 1793 6 1572 15443 1174 30921 3505 18 1952 18 179 3 2594 -23176 2040 18 554 46396 1147 18 388 -23199 1207 1 2043 18 60 3 673 54 1176 6 1276 3 2186 2 1536 70 3515 -2 1200 1 1185 3 3475 23217 1889 6 1987 6 700 46381 1939 9 1854 18 1218 -6 2162 18 2740 -23201 161 -6 3517 -20 1441 18 1352 -30934 150 -15443 1715 -6 1329 -3 1119 -18 1334 23182 1853 -18 1911 2 2 6 1152 -18 3057 -46393 3388 24 87 -4 2017 6 1360 -30934 2335 24 2129 18 1810 -18 1304 -3 1297 3 1104 2 1120 -6 1267 -3 2434 6 1848 18 1144 18 2110 -18 1887 -18 1181 -6 1906 -18 1111 2 2140 -46381 3381 -24 812 -18 3304 -23185 385 23199 2222 -3 2278 -46381 92 -6 3558 18 1725 -18 1367 -30934 1986 -3 522 -18 118 -15443 1059 4 1073 -2 2769 46393 1904 2 27 -6 1573 15443 3069 46393 1076 -1 1458 18 29 -6 1728 6 596 -3 704 -46381 2130 18 1151 -18 1714 -18 2977 3 1691 -2 80 -4 3548 72 1335 23200 1815 2 3392 48 1917 -18 1398 -15443 3525 -144 1363 -2 1364 3 1313 23201 2015 46381 1153 3 3524 -144 1328 23200 1314 23198 1920 18 389 -23199 1681 -2 2113 46381 1667 4 1808 2 1821 -18 2781 -46393 1587 -30921 1336 3 1168 1 1824 18 1315 3 3489 -2 
2218 
544 540 -23200 
2747 2749 -1 2740 7733 2743 30933 2736 30933 
2600 
76 771 -46398 
3297 3300 1 3301 1 
408 401 1 
3641 
796 769 1 12 -1 2977 1 800 -1 3004 23199 2156 1 1996 1 
1046 1583 -46398 
2998 
1623 1616 -1 1605 -3 1604 -3 
2563 
1459 1441 -46397 
850 859 1 
2606 
412 387 23199 388 23199 389 23199 385 -23197 
3328 3301 -1 3300 -1 3304 -23200 
2397 2386 -1 2373 46398 2372 46398 
3509 
580 582 -1 577 1 596 1 581 -1 
2735 
2597 2593 1 2596 -1 
310 1430 -1 1621 1 1589 1 1237 1 
3302 
3334 
3599 
2286 
334 
1231 
1247 
1300 1297 -1 1304 1 
2233 
1206 1588 1 
651 655 -1 
316 307 1 
1639 
2797 
1693 1887 9 2110 9 1536 46363 2171 9 1917 9 1714 9 1523 46381 3069 3 2594 -23210 2161 46396 2140 -9 2113 -46390 3388 -12 150 -12 3525 72 700 9 3517 9 1334 9 3304 46390 3475 -9 2168 3 1120 -46396 1810 9 1441 46390 1920 -9 2335 -9 1952 -9 1085 -1 1151 9 2278 46390 3392 -24 3381 12 1728 -3 1715 3 1329 -23198 2781 23198 1681 1 3548 -36 1176 -3 2162 -9 1398 -12 3057 -3 1119 9 2035 -3 1854 -9 1073 1 2043 -9 1587 -6 1458 -9 1469 -9 1152 9 1824 -9 1853 9 522 -46390 2769 -23198 2039 1 704 -9 3558 -9 1174 6 1111 -1 1725 9 1336 23198 1181 3 1144 -9 1572 12 3484 9 1147 -9 118 -12 31 46390 2040 -9 673 -27 1573 12 2015 9 2129 -9 2032 1 3524 72 3505 -9 1821 9 1848 -9 1104 -1 1939 -23204 1906 9 812 9 2186 -1 2130 -9 
2892 
643 
1309 1304 -46398 
249 
3698 3712 1 3709 -1 
79 1027 -46398 
3205 3204 -1 3201 1 
350 
1132 1437 1 800 -1 2156 1 1430 1 1493 -46398 1109 1 1589 -1 842 46398 622 1 1525 -1 812 1 1708 46398 1425 -1 786 -46398 2037 -1 792 -46398 
2591 
3611 3601 -1 3612 -23200 
177 1525 46398 1589 -1 1430 1 2037 -1 1425 -1 1493 -46398 1109 1 184 -46398 1437 1 
331 
710 
2628 2629 -1 2656 46398 
415 
947 1165 -46398 1997 -3 13 4 929 -4 956 3 2434 -46395 
2531 
1143 1889 3 2351 1 3484 17391 92 11596 596 -23201 1523 -34782 1331 -28999 1536 -23165 1793 3 1352 -7734 1119 -9 2003 -11599 1939 -23195 2129 9 1952 9 1587 -11594 27 -3 1824 9 1986 -23201 1330 -11599 1363 34798 31 -46390 2222 23198 1684 -23200 1315 -5798 1714 -9 1573 -23211 1151 -9 2162 9 1458 9 1340 28999 87 -23202 3505 -46390 179 23201 33 -3 2 3 19 23198 704 11608 2171 -9 1297 -23198 1360 -7734 1207 23200 1200 23200 1083 -1 2035 3 150 23211 1174 11594 2140 9 2434 3 1887 -9 1821 -9 1920 9 2043 9 1074 1 1217 23201 1808 1 3517 -10 1304 23198 3388 11611 2002 23201 2335 12 1917 -9 60 23201 1815 1 1147 9 1276 -11599 1667 23202 1853 -9 3489 -1 1682 1 1904 1 1441 9 3515 -1 2040 9 3004 11599 673 11626 2278 -46390 3548 36 554 -23201 1691 -1 1724 -23201 812 -9 1267 -23201 2017 3 2740 5799 2113 46390 118 23211 161 -3 1398 23211 2008 23201 522 -9 3475 -17391 1248 23201 1181 -3 3558 9 20 -23201 2769 -40601 1367 -7734 29 -3 1218 -3 1144 9 2977 -23198 3057 -46396 2015 -9 80 -23202 1810 -9 1148 -23201 3392 -23177 1185 23201 3304 -11593 1715 -3 2110 46390 3525 46327 2130 9 1334 -29008 1911 1 1364 23201 1180 11599 2781 40601 1176 3 1152 -9 700 -9 2466 -23202 1725 -9 1059 23202 1854 9 3524 46327 1076 -23200 1153 -23198 1987 -11596 1848 9 1469 9 1906 -9 2594 23210 3069 46396 1314 -34800 1572 -23211 1336 -11599 3381 11587 1313 -11599 1249 23201 1136 -1 
2200 2205 -46398 
2800 2812 23198 2807 -1 
2408 
2272 2241 -1 
3496 
2232 2225 1 
3658 
1496 1500 -23200 1499 46398 
2087 
3027 3036 -46398 
832 801 -1 
3016 
3486 
2954 
2636 
2275 
2774 
149 1430 -1 1412 -46398 1426 -1 1525 2 2005 1 1589 1 2594 -46398 1441 -1 1436 -1 117 46398 1437 -1 1413 -46398 2037 1 1141 1 1458 -1 1397 46398 1469 -1 
2539 
1270 
2938 
2863 
2395 2386 1 
2476 
3541 
2564 2565 -1 2577 -1 2578 46398 
3035 3036 23199 3032 46398 
2449 2459 46398 2433 -1 2434 -1 
2484 
2323 2336 -2 2335 -2 
3117 
616 
2922 
193 195 46398 224 46398 
2915 
3699 3712 -2 
725 
2555 2547 23199 2552 46398 
2975 
2246 
3221 
2317 
2701 
2082 
2303 
2708 
1825 1848 -1 1842 -1 1854 -1 
2036 1854 -1 1140 -1 1200 -30933 1207 -30933 2740 30933 1076 30933 1853 1 1213 1 1684 30933 1364 -1 1848 -1 1202 1 1332 -23199 
1220 1217 -46398 1221 46398 
2566 
3692 
652 
565 
2706 2715 1 2696 -1 
3526 
3660 
2341 2337 1 2340 46398 
3267 
1958 
1877 
526 
1368 1361 1 
2425 
1648 1664 46398 1655 46398 1651 46397 
248 253 1 
2712 2715 46398 2707 23199 
2815 
2306 2335 1 
2196 
3166 
3574 
2368 2337 -1 
1943 1939 23198 1936 -1 
2610 2621 46398 2593 -1 2594 -23200 
348 349 -2 338 -2 
2876 2880 -46398 2849 3 
3315 3300 2 3304 23201 3301 2 
614 
1729 1751 15466 25 -46398 1689 -15466 1081 -15466 1744 15466 
3065 
1019 993 46398 1016 46398 
2382 
3110 
428 776 1 
852 
170 1425 1 1493 -1 1430 -1 1109 -1 1437 -1 1525 -46398 2037 1 1589 1 
3120 3105 -3 3127 -1 
3624 
335 
3041 3072 -1 
658 657 -1 641 -1 
2102 
1348 1360 -30933 1364 -1 1349 -1 1367 -30933 1352 -30933 
3563 
3565 
3262 
3075 
1733 2781 -46397 1689 30933 1401 1 1751 -30933 2769 46398 1744 -30933 2810 -1 153 1 1732 -1 121 1 1081 30933 2776 46398 
1273 1249 -4 1276 2 
1011 993 -46397 
3217 3224 -46398 
1376 1360 10311 1367 10311 1363 15466 1352 10311 
2847 
3260 3233 -46397 
326 
711 
1602 
728 733 1 
1989 1404 -46398 156 -46398 673 23198 764 -46398 1180 -23200 1367 -36088 1331 11600 115 -1 87 30933 1249 1 1363 38666 1157 1 124 -46398 1317 -46398 1360 -36088 1323 23200 2466 30933 1667 -30933 2769 34799 3525 -46397 150 -1 1887 -1 2594 23199 1988 46398 1395 -1 1267 -1 1316 -46398 704 23198 1340 -34800 2740 -11601 1276 23200 1587 23199 1315 -11600 1352 -36088 2880 -46398 1971 -23200 3304 -23200 3381 23200 2003 23200 768 2 2155 -2 92 23200 1987 -23200 3558 1 3484 34801 1536 -3 1572 1 2849 1 147 -1 118 -1 1995 46398 1861 -23201 1334 -11599 1059 -30933 1573 1 3388 -23200 3392 -1 1174 -23199 3475 -34801 1860 -23201 1398 -1 2781 -34799 3524 -46397 1156 1 1523 -23201 1984 -1 1888 23198 80 30933 3548 -1 
2748 2740 -38666 2743 30932 2736 30932 
3377 3392 1 3387 -1 
1222 
2721 2740 15466 2743 15466 2736 15466 
3552 3548 1 3524 -3 3525 -3 
632 636 23199 635 -1 
1145 1337 23200 2386 23200 1881 23200 554 -23200 1751 15466 1752 23200 2781 46398 1113 23199 2372 23200 2776 -23199 2769 -23199 2373 23200 1745 -23199 1746 1 812 -23199 2392 23200 1721 -23200 1689 -15466 1081 -15466 1744 15466 2110 -23199 
2742 
2033 1152 46398 1147 1 1441 1 622 -1 2129 1 2130 1 2113 -1 2015 46398 1906 -1 3524 46395 1144 1 3392 -15465 2110 -1 1572 15465 1810 -1 1853 -1 1398 -15465 3484 -1 1573 15465 1334 46398 2162 -46398 3525 46395 1117 1 673 3 522 46398 3304 -46398 2140 -46398 812 -1 1119 -1 704 -46398 1587 15467 3388 -30932 3475 1 1905 -1 1887 -1 2040 1 1523 -46397 1525 -1 1824 1 1809 -1 1115 1 2161 1 1469 1 3548 2 1714 -1 1237 1 1174 -15467 3558 1 1854 2 1536 -46395 1120 -1 31 1 1458 1 2335 1 3381 30932 150 -15465 1728 1 700 46398 1920 1 2171 -1 1848 1 2168 -1 118 -15465 1151 -1 1725 -1 
3284 
1891 2776 -46398 80 -15466 88 -46398 1987 -1 91 -46398 92 1 2466 30933 1059 15466 87 -15466 1699 46398 1667 15466 2781 46398 1795 46398 
1305 
2746 
3306 
3171 
2463 
2855 
3359 
318 
1434 1781 -46398 
2883 
1970 1971 -23200 1981 46398 
158 2053 -46398 1952 3 2072 3 1493 -3 1182 -1 1939 -23198 1854 -3 2052 -46398 1150 -3 1726 -3 126 46398 2430 -1 842 -46396 2110 -46396 2067 1 1406 46398 2066 3 
588 
994 
213 
3678 
3578 
518 
3510 
702 
3577 
1814 1237 1 1595 1 3304 -46398 1573 -1 3480 1 3483 -46398 1572 -1 1174 46398 3475 11601 1334 46398 1587 -46398 1910 -1 1398 1 118 1 1718 46398 3484 -34800 150 1 1592 -46398 
3341 
3246 
871 
1662 
3083 
3467 3484 -11600 3483 46398 3480 -1 3475 34799 
3345 3329 -1 3346 -1 
3265 3281 -1 3291 -1 
1935 
3571 3579 -2 3576 -2 
3560 
3464 
298 
1518 
826 
2731 
2556 2547 -46398 
3251 3233 2 
1049 3517 1 3515 1 1743 1 3489 1 
3550 
1866 
503 1066 -46398 1674 -46398 499 -11599 496 46398 1994 11602 1162 11599 2186 -46398 508 -11602 
3015 
3586 
3514 
2529 2547 -23199 
1167 1651 2 2159 -4 1056 4 2111 -4 1052 -46398 1043 -46398 1999 46398 1984 4 1971 2 1664 4 
1863 
2144 895 -1 31 -1 3558 -1 2113 1 2111 1 3525 4 2015 -46398 3548 -2 1887 1 3524 4 3591 1 2140 46398 2175 1 3392 15465 3381 15467 1520 -46398 1536 -9 3388 -15467 1523 -3 1527 -46398 
2515 2528 -2 
1542 1556 -1 
50 1314 -11600 1986 23200 1122 1 60 -23200 61 -1 2018 1 
3347 3329 2 
573 571 -1 554 23200 563 23199 
2348 
2444 
2557 2552 -46398 
3320 3325 1 
3210 
3619 
2092 
2717 2707 -23200 2715 46398 
2131 3381 2 31 1 1151 3 3524 -46395 3525 -46395 3392 -4 3548 -2 2113 -1 3388 -2 2130 -3 1183 1 1119 3 2335 1 2129 -3 
3471 
504 2037 -1 498 -1 499 -11600 842 -1 1430 1 1130 1 1162 11600 522 -46398 1525 46398 1994 11600 1437 1 812 -46398 1706 -46398 508 -11600 1493 1 1109 1 1589 -1 1425 -1 
3193 
3333 3332 -1 3329 1 
2257 2267 -1 2241 -1 
2795 2794 46398 
2542 
848 849 -46396 855 46398 859 -46396 
1055 2127 -46398 
1004 1022 46398 
2582 
1465 1469 -1 1458 -1 1441 46398 
2220 
1357 
2716 2707 1 
1827 
2653 2641 1 
1260 
238 
2858 
200 195 46398 
2895 
2090 
2292 
921 
1350 
2672 2679 -1 2684 23198 
610 
2802 2812 23199 2813 -1 
647 655 -1 
1452 
619 
127 2113 -1 2117 -46398 2116 -46398 1407 46398 159 46398 2335 1 31 1 
2273 2300 -23199 
2909 2907 -1 2908 23199 
2446 
587 582 1 
3025 3032 -46398 
1740 793 1 
1950 1952 -1 1939 -23200 
1663 
1236 
2486 
2347 
1498 1493 -46398 
1006 1022 -46398 
2301 2278 46398 2289 -46398 
2951 
1978 
1969 1981 -46398 
1506 
2461 2433 -1 2434 -1 2459 -1 
1967 1971 23199 1984 -1 
2201 
3047 
1554 1563 1 
3313 3325 1 
693 
1037 2434 -1 2111 1 943 -46398 845 46398 
975 1038 -46398 
2725 2736 -30933 2743 -30933 2740 15465 2724 -1 
3309 
2692 2707 -23199 2693 46398 
1414 277 -46398 
2324 
2516 
2698 
2904 2907 -1 2908 -23200 
3121 3128 -46398 
78 3304 46398 963 1 
3220 
3292 3281 46397 3291 46397 
2374 
1555 1553 -2 1563 -2 
2410 
3354 
2332 2336 -2 2335 -2 
2264 2261 -1 2241 -1 2267 -1 
2044 2130 46395 1724 1 1939 -2 3558 -4 2162 -4 1887 4 1587 -15469 704 46395 1821 4 673 -12 3388 -15471 1848 -4 1572 30938 3517 4 1151 -46395 2040 -4 1458 -4 150 -30938 1174 15469 1714 4 1853 4 1920 -4 2015 4 1917 4 1152 4 1715 1 3069 1 31 -4 3392 -30942 1469 -4 2140 -4 3484 4 2129 46395 2335 -4 1854 -4 1952 -4 1810 4 2043 -4 118 -30938 1147 -4 2110 4 1334 4 2113 4 1398 -30938 1144 -4 3475 -4 2278 -4 1725 4 1441 -4 522 -46395 1523 46391 1536 46383 1119 -46395 1176 -1 3525 32 1573 30938 2035 -1 3505 46395 2171 4 2013 -46398 3304 46395 3381 15472 1181 1 1906 4 2594 -4 3548 -16 3057 -1 1824 -4 2008 -1 700 -46395 3524 32 812 4 
3587 
242 256 -46398 253 -1 
1959 
1478 
621 
1347 1363 -15467 1352 5155 1360 5155 1367 5155 1364 1 
507 498 1 1802 1 1898 1 1130 -1 
2903 2908 23198 2896 -1 
592 599 -1 596 -3 577 -3 
2075 1150 -1 1822 1 2066 1 1918 1 
3108 3109 46398 3105 1 
3059 3069 46398 3057 -46398 3072 -2 
1467 1458 1 
488 426 -46398 
1391 1052 -1 1056 -1 2159 1 1971 23199 1664 46398 1984 -1 143 -1 111 -1 1999 1 1651 23199 1029 1 1028 1 2111 1 
3255 3233 -3 3248 -1 
1272 1277 1 
2545 2552 -46398 
2412 
3118 
2227 2209 -46397 2222 2 
2960 2967 -1 2961 3 2962 3 
2299 2289 46398 2278 -46398 2300 -23200 
3391 3392 -30934 3388 -15467 3381 15467 
2366 
536 522 -1 540 23199 539 -1 
1946 
2726 
567 563 23198 554 23201 560 46398 
3264 3233 -1 
302 1621 -1 1430 1 1237 -1 1589 -1 
671 
3367 
3266 
2992 2999 46398 3004 23198 
2465 2496 -1 
1355 
1614 
3215 
3527 
1320 1007 -30934 722 46395 3304 -30934 1672 -30934 733 46395 1992 -2 444 2 727 30934 1352 15465 432 30934 439 30934 909 -30934 720 30934 1064 -30934 
2756 2776 1 2781 -23202 2769 23201 2757 -1 2784 -1 
3557 3576 -1 3579 -1 3558 -1 3556 46398 
189 184 1 
1927 
3282 3291 1 
2666 
2860 
2145 1572 -38666 1174 -19333 87 38666 1180 -34799 19 -23199 2781 17400 3484 -5800 1340 -40599 1364 23199 1315 -5800 1152 1 118 38666 2003 34799 1304 23199 3475 5800 1276 -11599 3381 27066 1344 23199 1267 -23200 2162 -1 1987 -11600 3304 11600 2594 23200 1363 -27066 1297 -23199 2008 23199 554 23200 2977 -23200 1728 1 1331 40599 1367 28355 1334 -5800 1200 7733 1249 -23200 2168 -1 1336 -34799 2769 -17400 1587 19333 2222 23200 1248 -23199 150 38666 3004 11600 1724 -23199 2002 23199 1313 34799 673 11600 1573 -38666 1684 -7733 1076 -7733 1217 -23199 2740 -1933 3392 -7732 20 -23199 1148 -23199 1207 7733 3388 -3866 596 -23199 80 38666 1059 -38666 1185 23199 1330 -34799 1352 28355 1667 -38666 1523 -34799 1360 28355 32 -46398 92 11600 1536 -23199 1398 38666 2466 38666 704 11600 1153 23199 
2720 2707 23199 
934 582 46398 909 -46398 269 -46398 845 -46398 
212 
2493 2488 1 
3342 
1451 
1656 1649 1 
313 
1154 1314 46398 60 -1 1986 1 51 1 
3219 3201 2 
243 256 -2 
3042 
352 349 -46398 338 -46398 
1676 12 -3 1068 -1 784 1 769 3 2977 3 3004 23198 791 1 3276 -1 
2870 
894 
2814 
3693 
3680 3676 23199 
2838 
3115 
3454 
2589 2577 1 
2099 2097 -2 2098 -2 
2405 2419 -23199 2404 -1 
1094 1894 -1 288 -1 273 1 1798 -1 283 1 2150 1 
3340 
3449 
3034 
2817 2844 23200 
1483 
2091 
3679 
3414 
2588 2577 -2 2578 46397 
1346 
1922 
1262 
2259 2241 2 
2305 2336 -1 2335 -2 
1836 
2526 
2115 95 1 
2887 
2836 
3335 
908 
3263 
252 256 -2 
3037 3032 -46398 
583 
1582 1237 1 982 1 1621 1 1589 1 3094 1 406 1 1430 -1 
3613 3601 -46398 
2786 
1644 
2253 
2723 
3303 
593 577 -1 594 46398 596 -1 
2783 
1492 
445 1704 -1 2372 1 440 1 2386 1 2392 1 2024 -46398 2373 1 
1646 
799 2124 1 
2236 2209 2 2222 2 
970 596 1 842 -46398 506 -1 3094 -1 494 1 1770 1 
1044 1199 1 
2592 2577 1 2578 1 
2038 1520 1 2594 -46398 1430 -1 1523 -1 1589 1 1527 1 1536 -5 1592 46398 1597 -46398 1718 -46398 
925 901 -1 900 -1 914 -1 
3666 3676 -23200 3672 -1 
3235 
395 
3097 
1974 
2527 
3642 
72 357 -1 179 -23199 356 -1 322 1 135 1 1383 1 387 -46398 655 -1 161 -1 419 -46398 1319 -11600 380 23200 195 -46398 1991 -23200 103 1 
304 311 -1 307 -23201 
2014 2076 -46398 2072 4 1952 4 1150 -4 1939 2 2067 -46398 1854 -4 1493 46395 1182 46398 1726 -4 2110 4 2066 4 842 4 
680 
2674 2680 46398 2684 23199 
286 2054 1 
843 
1636 1651 -23199 1637 -1 
2859 2849 -2 2880 46397 
2084 2098 -1 2097 -1 2085 46398 
3182 596 1 1770 1 506 -1 842 -46398 
413 401 -46398 
3268 3281 -1 3291 -1 3269 46398 
3028 
2439 
3627 
3583 3558 -1 
3400 
3001 
2509 
1758 2073 1 
3358 
896 865 -1 
2848 2844 -23200 
2429 2430 -1 2424 1 
3406 
187 179 -23200 184 -1 
1252 1276 1 1253 46398 1267 -1 1249 1 
2234 
2929 2931 -23200 2939 -1 
2989 
2320 2327 46398 2336 3 2335 3 
246 
1142 150 15466 1572 -15466 1586 1 1573 -15466 1174 -30933 118 15466 1587 30933 1718 46398 1398 15466 1592 -46398 
3180 
3199 
3667 3676 1 
291 179 23200 135 1 356 -1 1319 -11600 103 1 1383 1 322 1 380 -23199 161 -1 357 -1 655 -1 1991 23199 
2639 
1966 
241 253 1 
1173 2037 -4 1525 46391 1589 -4 1441 4 2005 -1 1436 1 1141 46395 1437 4 2594 -4 1458 4 1469 4 1426 -46395 1427 1 1430 4 
2944 2931 23199 
237 
511 2122 -46398 
3531 
679 
2312 
2846 
2730 
2142 1854 -1 2079 1 
2605 
3431 
2329 
3223 3201 -3 3216 -1 
1274 
1308 1307 -2 1304 46397 
2755 2776 46398 2781 -46398 
916 
2270 
2970 
634 
2626 
2561 2577 -1 2578 46398 
300 1430 -1 1621 1 1589 1 1237 1 
1291 
754 760 46398 768 1 1707 -46398 2261 1 2155 -1 1131 -46398 
712 720 -1 722 -46396 733 -46396 727 -1 
1010 993 -1 1016 46398 
3256 3249 -46398 
2106 2110 46398 
3289 
2216 
414 
630 
1243 1248 1 1240 46398 
1080 1111 -1 2594 23198 2168 3 1712 1 1688 -1 2781 23198 1336 23198 1120 3 1073 1 1719 1 2769 -23198 2161 -3 1104 -1 2186 -1 1329 23201 1681 1 1728 -3 
3633 3645 -46398 
2966 
244 
2238 
3423 
2266 
2009 3525 -4 1756 -46398 1744 -30932 3524 -4 1081 30932 1689 30932 3548 2 1751 -30932 1337 -23200 
2686 
3495 
1238 1237 -1 
2760 
3277 
2182 
3208 
2595 2594 -1 
662 
1013 
2762 
885 
2260 
1312 1307 1 1304 1 
517 540 23200 516 46398 
778 1430 1 1425 -1 1109 1 1525 -1 1589 -1 842 -1 1437 1 2037 -1 1493 -46398 812 1 492 -46398 
209 210 46398 224 -46398 
654 
1618 1605 46398 1604 46398 1629 46398 
266 486 1 
1201 1108 -46398 1140 1 2740 -30933 1202 -1 1304 1 1684 -30933 1881 -1 596 -1 1332 -23200 1207 30933 1364 1 1200 30933 1297 -1 1076 -30933 
500 1194 1 
761 1739 1 
556 
2354 2337 -1 2351 1 2360 46398 
2950 
3275 
2427 2424 -1 2419 -23200 
2307 
1856 1854 1 1848 1 1842 1 
534 
3178 842 46398 1770 -1 596 -1 506 1 
1530 
3259 3233 -1 3249 46398 
2550 
345 
3287 3281 3 3291 3 3280 -1 
1932 
402 401 -1 385 -23201 388 23200 389 23200 387 23200 
227 
990 2062 -46398 
2450 2459 -46398 
954 1773 -46398 
3070 3069 46398 3057 -46398 
1642 
789 1109 1 1621 1 1425 -1 1420 -46398 1437 1 3276 1 2037 -1 1525 46398 1493 1 1237 1 
1635 
62 2050 -46398 
2416 2423 -1 2419 23198 
2599 
1884 1861 -1 1860 -1 1888 -3 1887 -1 
3407 
3634 3645 46398 3617 46398 
2100 
339 349 -2 338 -2 
1749 1433 -46398 
182 
2403 
3456 3451 -46398 3441 -46398 
2830 
2506 
3200 3191 -15466 1770 -1 842 -1 506 1 596 -1 3184 -15466 
607 
584 
3452 3441 46397 3451 46397 
1301 
3348 
692 
2248 
3538 3524 -7 3549 -1 3548 3 3525 -7 
2498 
1302 
881 888 -46398 
2420 
1507 
2947 
2952 
2294 
869 868 -1 865 1 
3207 
1464 1458 -1 1441 -1 
2829 
2474 
2148 3304 23199 2168 -1 2003 -11600 1157 -23200 2149 46398 1352 -2578 115 23200 3392 -7732 2880 -1 2594 -11600 1174 -19333 1888 34799 1408 -46398 1267 23200 1180 11600 3475 -17399 160 -46398 1217 23200 673 -34799 2781 28999 1536 -23199 1344 23199 1276 -11600 2769 -28999 1587 19333 1572 -38666 1248 -23199 1334 -5800 1317 -11600 704 -34799 128 -46398 3381 27066 87 38665 1363 -3867 3488 1 1523 -34799 150 38666 2466 38665 1330 -34799 1987 -34798 2849 46398 118 38666 1059 -38665 2740 -17399 1398 38666 1667 -38665 1860 -11600 1315 -17399 2162 -1 1395 23200 1152 1 92 34798 1861 -11600 1148 -23199 1156 -23200 80 38665 1249 -23200 3388 -3866 1367 -2578 147 23200 1316 -11600 1360 -2578 3484 -5800 1573 -38666 1724 -23199 1331 -5800 1336 -34799 2008 23199 1340 5800 2002 23199 1728 1 
3444 
3294 
3656 
332 
2772 
1250 1276 -1 1267 1 
2540 
2454 
1415 373 1 
2322 2335 1 2333 -1 2336 1 
1541 1553 -1 1563 -1 1540 -1 1556 -1 
3247 
1134 1902 1 978 -46398 1806 1 987 -1 673 -3 704 -1 622 1 700 1 
3002 
1964 
2964 
1351 
1017 
3481 
2758 
3690 
2893 
65 1218 1 87 1 1315 46398 1363 -30932 1367 41244 3304 -46398 2466 1 1987 46397 195 -46398 3 -46398 1059 -1 1667 -1 80 1 92 -46397 1352 41244 1360 41244 1364 -1 
1000 1007 1 
1953 1971 -23199 
1284 1304 -2 1285 46398 1307 -1 1297 1 
2993 3000 1 
3206 
2546 2547 -23200 2552 -1 
2702 
3029 
2485 
3339 
2739 722 46398 434 1 1064 15466 1704 -1 2736 -15467 909 15466 720 -15466 2743 -15467 2386 1 2740 -38666 733 46398 3304 15466 1352 -30933 444 1 1007 15466 2372 -46398 2392 1 727 -15466 1672 15466 2373 -46398 2696 46398 439 -15466 432 -15466 1128 -1 1992 -1 440 1 
3522 
2402 
829 812 -1 817 1 
1558 
320 307 23199 
1373 1361 1 
844 842 46398 
45 930 1 
1535 1520 46398 1523 -46396 1536 -46390 1527 46398 
3283 3291 -2 3281 -2 
2771 2784 -2 2781 23200 2769 23199 
282 1766 -46398 
293 307 -23199 292 -1 
1702 283 1 288 -1 280 -46398 1798 -1 1894 -1 2150 1 
2520 2525 1 
538 
546 
730 
2918 
3682 
1009 1016 -46398 
2551 2547 23198 2544 -1 
714 
2624 2593 -1 2594 -23200 
3636 
2369 2373 1 2372 1 
3170 
2489 
1956 1957 -1 1971 -23199 
2163 1059 30933 2466 -30933 1861 23200 1860 23200 1398 -15466 1667 30933 1360 -10311 3381 7733 1728 2 704 -23199 118 -15466 2740 -11600 1572 15466 1336 23200 2594 23200 1152 2 1573 15466 3484 -11600 1987 23200 2003 23199 673 -23199 1315 11600 1888 -23199 80 -30933 2002 -1 2849 -46398 1536 -46398 1352 -10311 2162 -2 2168 -2 1523 -23199 2008 -1 1248 -46398 1217 -46398 87 -30933 1587 -7733 1367 -10311 1148 1 1330 23200 2769 -11600 3524 46397 1249 1 3525 46397 3475 11600 1340 -34799 3388 -7732 2781 -34799 1174 7733 2880 1 3392 30935 1724 1 1331 11600 1276 23199 150 -15466 3548 1 92 -23200 1363 7733 1344 -23199 1180 -23199 1334 34799 1184 -46398 
3211 
2728 1672 15466 2392 1 909 15466 1352 -30933 1128 -1 2372 1 439 -15466 3304 -30933 720 -15466 1992 -1 2696 46398 440 1 727 -15466 2373 1 444 1 434 1 1064 15466 722 -1 1007 15466 1704 -1 733 -1 432 -15466 2386 1 
2325 
2617 
1443 
3142 
2782 
2576 2583 46398 2578 -46396 2577 3 
910 
1845 
2279 
1358 
2763 
2457 
948 1197 -46398 
1710 1102 1 977 -1 984 1 
828 801 2 
1627 1605 -1 1629 -1 1604 -1 
986 1774 1 
3700 
3643 3645 46398 3617 46398 
2370 
1557 
892 865 2 
3532 
552 
290 161 1 655 1 356 1 1991 23200 357 1 135 -1 1383 -1 179 23199 322 -1 103 -1 380 -23200 1319 11600 
2976 2962 1 2961 1 
3129 
1772 794 -46398 
2193 2205 1 2186 -1 
889 
967 366 -46398 
284 1990 1 2150 2 1318 23199 288 -2 
1965 
1548 
3443 3441 -2 3451 46397 
404 
3448 3441 -46398 
3153 3165 -46398 
2727 
735 
3652 3653 46398 3676 23200 
3422 
3007 
1123 1699 -1 1364 -1 2466 15468 88 1 1352 -5155 1667 -15468 82 1 2781 -1 3304 1 1360 -5155 1218 1 92 3 1367 -5155 1315 -1 1059 -15468 2776 1 1363 -30932 87 15468 1987 -3 80 15468 
2401 2419 23200 
1759 2137 1 
872 
3188 
3274 
3150 
2326 
2785 2812 23200 
2667 
1160 733 4 720 -30934 432 -30934 1352 30934 439 -30934 444 -3 1007 30934 722 4 1672 30934 1992 3 727 -30934 3304 30934 909 -15465 435 1 1064 30934 
2690 
2188 
2917 2916 46398 2931 -23199 
3084 
2699 
2492 2496 -2 
2744 2749 1 
2711 2704 -1 2707 -23201 
3125 
2718 
2384 2373 -3 2391 46398 2372 -3 
541 539 46398 540 -23200 
1601 1604 -46398 1605 -46398 
1813 1525 -46398 1435 -46398 1426 46398 1141 -46398 1909 46398 
2224 2231 46398 2209 -3 2222 -3 
2925 
3499 3505 -1 3517 1 
3114 
615 
3595 
1470 
163 
3044 3045 -1 3072 -1 
677 673 -46396 704 -46397 676 46398 
2172 1248 1 1344 23199 1315 -23199 1336 -23199 3484 1 1119 1 3304 -23201 3392 -15467 31 -1 1151 1 2130 -1 1536 46395 1572 -15465 92 46398 87 30932 1887 1 1152 -46397 1667 -30932 1367 -20622 1059 -30932 1334 -46398 1987 -46398 700 1 3525 -46395 150 15465 2129 -1 1352 -20622 2162 46397 2335 -1 1398 15465 3524 -46395 1523 46397 3558 -1 2008 46398 2168 46397 3388 -30933 1148 -46398 118 15465 2594 46398 2016 -46398 1573 -15465 1330 -23199 3475 -1 1724 -46398 1174 -30932 2015 -46398 673 -3 2140 46398 1217 -46398 3381 30934 1363 -30933 2113 1 3548 -2 1728 -46397 704 -1 1984 1 1971 23200 80 30932 1587 30932 2466 -15467 2002 46398 1360 -20622 
687 
1878 
2835 2844 -46398 
1241 
3537 3548 -2 3524 4 3525 4 3549 1 
84 1187 1 
2059 766 -46398 
3082 3094 1 
3704 3709 1 
1275 1277 -1 1249 5 1276 -3 
559 
1828 1854 -1 1829 46398 1842 -1 1848 -1 
2051 94 -46398 
3038 
2451 2433 -46397 2434 -46397 
202 
109 933 1 1389 -1 929 -1 141 -1 932 1 13 1 2434 1 
1195 756 -46398 
815 
3386 
1610 
2344 
328 
172 1589 -1 1430 1 1437 1 1525 -1 1109 1 2037 -1 1425 -1 1493 -46398 
1192 436 -46398 
3222 
1869 1887 -1 
397 
2242 
3494 
1002 
863 
2400 2373 -1 2372 -1 
3312 3304 -1 3301 -3 3300 -3 3319 -1 
3694 
620 622 -1 
1515 
1924 1925 -1 1939 -23199 
2080 1493 -1 2110 -46398 1726 -1 2066 1 1022 -46398 842 1 1621 -1 1854 -1 1150 -1 2174 1 2072 1 
3651 
251 253 -1 256 1 
1504 1500 -23200 
3197 3192 -46398 
3213 
1062 1670 46398 2150 3 288 -3 272 -46398 279 -46398 1318 -23201 
270 966 1 
813 
1054 2063 1 
2318 
3198 
2237 2225 1 
174 
1491 1500 -46398 
2541 
2891 
1116 3381 -15466 2008 -1 2001 -46398 2769 23199 1728 2 1329 -23200 1120 46397 3392 -15465 1724 1 2594 -23199 2781 -23199 1336 -23199 2161 -46397 2168 -2 3388 15467 
2703 
2586 
1203 20 1 1684 1 1297 1 2740 2 1200 -1 3057 46398 1332 -23198 596 1 3069 -46398 3004 23200 1304 -1 1185 -1 1364 -1 2222 1 2849 -2 1881 1 2977 -1 1207 -1 1172 1 2880 -2 1076 1 
3167 
3670 
1251 
2426 
1919 1823 -1 31 1 2129 1 2015 46398 1887 -1 2335 1 2140 -46398 2113 -1 1119 -1 1854 1 2139 1 3558 1 
3708 3712 -2 
2963 2962 -2 2961 -2 
1215 2132 1 
3086 3094 -1 
3417 
1626 
3626 
407 388 1 387 1 400 46398 385 -4 389 1 
1516 
2371 
1882 1881 -1 
2560 2547 -23200 
2274 
827 817 -1 801 -1 
923 914 -46398 
3225 
1955 
3134 
1716 1853 1 1076 -15466 1854 -1 1848 -1 1202 1 1207 15466 1140 -1 1200 15466 1332 23200 1684 -15466 2740 -15466 1208 1 1364 -1 
1864 
2428 2419 1 
230 256 1 229 1 228 1 
866 
2919 
2936 2939 -1 2931 -23200 
3409 3416 1 
3581 3576 1 
2826 
2661 2684 23200 2660 -1 
2806 
2504 
612 613 46398 636 -23199 
1084 1987 23204 1853 -18 1714 -18 2740 -11601 3004 23198 2186 -46397 1573 -23 1854 18 1523 -23165 1911 2 1331 34800 1315 11602 1352 46398 3475 11617 700 46380 2161 6 92 -23204 385 23200 1152 -18 1821 -18 1824 18 1329 -3 1218 -6 1971 -23200 522 -18 1336 3 1572 -23 704 -23185 1398 23 80 -3 3489 46397 2000 1 1304 46396 1207 1 1984 46398 60 3 1458 18 1119 -18 19 -3 1920 18 1691 -2 1692 -1 2977 3 2110 46381 1200 1 2171 -18 3392 45 1313 23201 2140 -46381 1681 -2 812 -18 554 -3 1986 -3 1185 3 1180 -23201 1176 6 1147 18 1917 -18 3517 -20 3388 23222 1469 18 2 6 1120 -6 3304 -46384 2781 -11593 1104 2 1889 6 2769 11593 1367 46398 2129 18 1888 23198 1887 -19 1815 2 1810 -18 3484 -11617 1587 -23188 1153 3 27 -6 2113 46381 1328 23199 3069 -6 31 -46381 1181 -6 1725 -18 1860 23198 33 -6 1249 3 2130 18 1684 -1 29 -6 1340 -11602 2222 -3 1793 6 1076 -1 1335 23199 118 23 1083 -2 1334 34782 179 3 2017 6 1364 3 1363 -23201 3524 46261 3381 -23223 87 -3 387 -23200 2594 24 3515 -2 1667 3 1151 -18 1939 9 1536 -46330 2040 18 2278 18 1441 -46381 150 23 1360 46398 1904 2 2849 46396 1861 23198 2434 -46393 2162 18 2168 -6 3525 46261 2015 46381 2043 18 2007 1 161 -6 20 -3 389 -23200 2035 6 1174 23188 3505 18 1848 18 3548 69 1144 18 1808 2 2880 -3 2466 -3 1267 -3 1276 23201 1728 6 1314 23198 1297 3 2335 24 1073 -2 1059 3 1952 18 673 -23147 1715 -6 1111 2 1906 -18 596 -3 3057 6 388 -23200 2003 23201 3558 18 
2543 
2319 
3691 
2651 2656 -46398 2641 46398 
3244 
1293 
1742 985 1 
2112 2098 1 2111 -1 2097 1 
2481 2488 1 
2581 
3506 3505 -1 3489 -1 
3413 
2609 2594 46398 2621 -46398 
2226 2225 -1 2209 -1 2222 -1 
3501 3505 1 3517 -1 
1242 
3384 3392 15466 3388 30932 3387 -1 3381 -30933 
2339 
2935 2931 23198 2928 46398 
3390 
579 
3469 
2247 
2973 2961 1 
2165 1141 -46398 1458 -1 1430 -1 2594 1 1589 1 1525 -46397 1469 -1 2037 1 1426 46398 1440 1 1441 -1 1437 -1 
3420 3411 1 
555 
2207 
3174 
525 
374 1575 1 
1550 
601 
2752 2740 7733 2743 -15466 2736 -15466 
2816 2812 23199 
2986 
3024 3031 -1 3036 23198 
49 1304 1 1297 -1 1090 -46398 1218 1 2018 -1 61 1 1267 1 1276 -1 
1797 3484 -11603 3057 1 1861 -11600 2162 3 2043 3 1667 1 1360 15466 1573 -4 1363 23199 1093 -1 2278 -46395 147 23200 1153 -23199 2222 23199 113 1 2594 -11596 3524 -24 1848 3 155 1 812 46396 2015 -3 161 -1 1403 1 3517 -3 3505 -46396 1393 1 1469 3 1824 3 123 1 3069 -1 1157 -23200 1987 -23198 2129 3 2335 4 1854 3 20 -23200 1304 -23200 3548 12 700 46396 118 4 1888 -11600 1906 -3 31 3 3558 3 1059 1 1536 12 2110 46396 33 -1 27 -1 1853 -3 2035 1 2 1 2466 -1 2168 46398 2113 -3 1185 23200 1144 3 29 -1 1889 1 1860 -11600 3475 11603 522 -3 1887 -3 1952 3 1893 -1 1120 -1 1314 34799 1329 -23200 92 23198 1315 -11599 1147 3 1181 -1 1821 -3 1395 23200 2171 -3 1156 -23200 1092 -1 554 23199 1317 34799 1152 -3 1297 -23199 1367 15466 1218 -1 1684 -38666 1725 -3 2017 1 3392 8 3525 -24 673 -46390 1174 -2 1398 4 1793 1 2794 46398 87 -1 1986 23199 1939 23201 1364 23200 2434 -46398 1200 38666 2880 -1 60 -23199 19 23199 1313 11600 2977 23200 704 -46396 1587 2 80 -1 1715 -1 1920 3 150 4 1352 15466 1523 -46393 1917 -3 1441 3 1336 -23199 1572 -4 1316 34799 179 -23199 1728 -46398 2769 11599 1151 -3 1796 -1 1892 -1 3388 4 1714 -3 115 23200 1119 -3 2740 30933 1076 -38666 1334 -3 1458 3 2781 -11599 3004 34799 2849 -1 1176 1 3381 -4 1810 -3 2040 3 145 1 2130 3 596 23199 3304 -34797 2161 1 1207 38666 2140 3 
2093 2111 -1 
3429 3451 46398 3428 46398 3441 46398 
2388 
1296 1303 -1 1307 3 1304 3 
1973 
1261 
1428 1205 -46398 
1613 
1448 
973 942 1 
3071 
530 522 -46398 539 -46398 
1487 
561 571 -1 554 23200 563 23199 
2875 2877 46398 2880 -46398 
2734 
875 
798 3004 -23199 842 46398 1022 -1 2060 1 2977 -1 
2709 
2363 2337 -1 2360 46398 
1036 783 1 
595 596 2 577 2 
2682 
893 895 46398 888 -46398 
2940 2931 -46398 
1005 
1578 502 1 
1294 
2562 
1263 
1268 
218 
2687 
1804 2037 -1 812 1 795 1 1525 -1 1900 -1 1493 1 622 1 2156 1 792 -46398 1708 46398 1109 1 800 -1 1430 1 1425 -1 842 46398 1437 1 1589 -1 
2394 
606 
3232 3201 -1 
678 
1951 
734 
3103 
3179 
162 161 -1 179 23200 
2911 
2885 2908 -23199 2884 46398 
1643 
591 
2808 2813 1 
2669 
2923 
3133 3128 -46398 
1839 
590 
2616 2621 -46398 
3559 
3143 
3146 
2927 
216 210 -1 224 1 
3229 3224 1 
337 349 -46398 
2652 2656 46397 
3491 
755 2849 -2 1323 -23199 2880 46397 2155 2 768 -2 1163 1 
446 2056 -46398 
2396 2372 2 2373 2 
2668 
3050 
175 
1612 
1101 945 1 952 -1 1709 1 
1295 
2538 
3605 
915 901 -46397 900 -46397 
1354 
2074 842 -46398 1493 -1 2110 1 1790 -46398 
1438 1493 1 1621 1 2069 -46398 
1843 1848 -2 1842 -2 1854 -2 
2229 
396 
211 224 46397 
2681 
2898 2907 1 
2467 2466 46398 
2618 
1463 1456 46398 1441 -3 
980 1198 1 
399 
2833 2840 1 
706 
3573 
1245 1217 -46397 1240 1 1237 1 1248 -46397 
1216 1684 -30933 1332 23199 2740 -30933 2164 -46398 1207 30933 1200 30933 2222 1 1076 -30933 
3638 
1511 
633 
1607 
2958 
3707 3709 -1 3712 1 
1298 1307 1 
1070 976 1 704 1 673 3 700 -1 983 1 2222 -3 14 46396 961 -46396 1678 -1 406 1 895 -1 
2751 
1954 
663 641 -3 656 -1 
2663 
3502 
2445 2434 1 
2779 2784 1 2769 1 2781 -2 
493 938 -46398 
628 
1835 
1620 
3176 
2230 
2691 
2567 
16 2113 9 2043 -9 1793 -3 1313 23201 1854 -9 2130 46390 1329 -23198 1904 -1 1920 -9 1336 23198 1952 -9 2161 -3 23 46398 1848 -9 1151 -46390 2017 -3 1824 -9 1469 -9 700 9 1297 -3 1398 -15479 2040 -9 1111 -1 1120 3 1853 9 2186 46398 31 -9 1887 9 60 23198 2140 -9 2110 9 1073 1 1304 3 2594 -14 1917 9 1147 -9 1665 -46398 522 -46390 704 -9 29 3 1267 3 3517 10 1714 9 3057 46396 1523 -19 2740 -23200 1218 3 2035 -3 3381 12 33 3 3392 -24 1821 9 387 -23199 1174 30939 1176 -3 2015 9 1119 -46390 1083 1 2769 -23195 2 -3 1728 -3 1334 23209 1986 -23198 388 -23199 1939 -23204 1573 15479 1104 -1 3525 -46327 1889 -3 2168 3 150 -15479 1725 9 1681 1 1906 9 1181 3 179 -23201 3489 1 161 3 1276 -3 3515 1 1691 1 1314 -11599 1441 46390 1152 9 3548 -36 2129 46390 118 -15479 1335 -23199 3505 -9 2171 9 2278 46390 2162 -9 3475 23190 2781 -23204 3304 23190 389 -23199 1057 -46398 1808 -1 1536 -38 1587 -30939 27 3 1810 9 2434 -3 1572 15479 2335 -12 1458 -9 812 9 3558 -9 3388 -12 1815 -1 3069 -46396 1144 -9 3484 -23190 3524 -46327 1911 -1 385 23199 1328 -23199 1715 3 673 -27 
715 727 -1 733 3 722 3 720 -1 
1290 
2631 
637 635 46398 636 -23200 622 -1 
3521 3524 1 3525 1 
2462 
1826 
1283 
1259 
1209 1748 1 
2590 
519 
2166 1527 46398 1334 1 1572 -30931 118 30931 1523 1 1536 5 150 30931 1398 30931 2594 -1 406 1 1621 1 1520 46398 1573 -30931 1600 -46398 1174 30933 1587 -30933 
2202 
2881 2908 23200 
1608 
497 1994 -34799 1589 1 1162 -34799 498 -1 1098 1 2186 1 1525 -46398 3094 1 1109 -1 2794 1 2037 1 1130 1 1437 -1 1430 -1 1425 1 554 -1 522 -1 499 34799 1493 46398 596 -1 508 34799 
2733 
2443 
308 
2673 2680 -46398 
3212 
1146 2170 -46398 1770 1 1854 -1 1792 46398 1493 -1 1777 1 842 1 1853 1 1848 -1 1881 -1 1778 -46398 1114 -1 506 -1 
1980 1984 -1 1971 23200 
1603 
367 1031 1 655 -1 1007 -1 845 -46398 
609 636 23200 
3240 
2178 
2980 2981 46398 3004 -23199 
667 657 -1 641 -1 
558 
1568 1553 1 1563 1 
254 
2900 
3513 3515 -1 3489 -1 3517 -1 
2491 2496 -46398 2488 -1 
391 
2514 2525 -1 2528 1 
3138 
3242 
3163 3137 46398 3165 -1 
1883 1888 2 1860 1 1873 -1 1861 1 
770 44 -46398 
3310 3304 1 
3584 3579 1 3576 1 
835 
509 1130 1 1162 -34799 499 34799 498 -1 508 34799 2026 1 1994 -34799 
1196 788 -46398 
2688 2684 23199 
1370 
2886 
1338 842 46395 2170 46395 1770 -4 596 -4 506 4 1792 -46395 1178 46397 1779 -46397 
183 176 46398 179 23198 
1654 
1849 
2214 
267 742 1 
15 2159 1 1999 -46398 1664 46398 1971 23199 1056 -1 1984 -1 2111 1 1052 46398 1025 -46398 1651 23199 
2868 2849 46397 2880 -2 
1868 
2643 2656 46397 
3710 
305 306 -1 307 -23200 
3183 
640 636 23199 
3614 
3245 
867 
574 
2288 2295 46398 2300 23198 
3507 3489 2 
2765 
2499 
2787 
3054 
3395 
1322 499 -46398 1162 46398 1994 1 508 -1 
3164 3137 2 
3487 
362 487 1 
597 
3033 
2649 
1767 378 -46398 
2648 2641 -46398 
3511 3489 -4 3517 -1 3504 46398 3515 -1 
1306 
1339 1334 34806 1144 -6 1119 8 179 -1 2035 -2 554 1 2008 -1 1313 -23200 2594 -8 3004 -23199 1181 2 1939 -4 1441 -6 87 -15466 1218 2 3304 23193 1398 -9 1217 -46398 3505 46393 20 1 1793 -2 1340 -34799 1821 6 1185 -1 1248 1 522 6 1180 23200 1887 8 1331 34799 60 -1 1536 -27 2140 -8 1587 -23204 1364 -1 1360 -36088 1297 -1 3517 6 3484 -11593 700 -46391 92 -23199 1724 1 704 23192 2769 11600 1276 -23200 1363 38666 2002 -1 2017 -2 2335 -10 2466 30933 3558 -8 673 23176 1151 8 3525 52 3057 -2 2977 -1 2040 -6 1523 -23213 2781 -11600 2171 8 1853 6 1152 8 1986 1 596 1 1469 -6 1148 1 1059 15466 1848 -6 1147 -6 1315 34799 118 -9 2740 -3866 1684 -15466 2278 -6 1304 -46398 3475 11593 1267 1 1200 15466 812 6 2003 -23200 1861 1 1714 6 2434 -2 1725 6 19 1 3548 -26 2015 8 1854 -6 1207 15466 1076 -15466 1458 -6 1920 -8 3392 -15484 1917 6 80 -15466 1249 46398 1906 6 1174 23204 161 2 2162 -8 1987 23199 1573 9 1314 -23199 29 2 3069 2 1352 -36088 1572 9 3381 7743 27 2 1330 23200 1336 23199 31 -8 1888 1 1153 -1 1889 -2 2113 8 1824 -8 2 -2 1367 -36088 2043 -6 2130 -8 2110 6 1176 -2 2129 -8 1667 15466 150 -9 1715 2 2222 1 1952 -8 1810 6 3388 -7742 3524 52 33 2 1860 1 
3122 3105 -1 3128 46398 
2700 
568 554 23200 571 -1 563 23199 
3404 
2645 
2134 1599 1 
330 
883 865 2 
1254 
2845 2840 1 
1755 1458 1 1913 -46398 3548 2 1744 30933 1751 30933 1817 -46398 1337 23199 3517 -1 3525 46395 2110 46398 1469 1 2781 2 2386 -1 1081 -30933 1689 -30933 2392 -1 3524 46395 2769 46398 1721 1 2776 -1 1441 1 2373 -1 812 -1 2372 -1 1752 -1 3489 -1 3515 -1 
3528 
2533 2547 -23199 2532 -1 
2406 
3079 
1494 
528 535 46398 540 23198 
382 2055 -46398 
2864 2871 46398 2849 -3 
2897 2908 23199 2907 -1 
364 775 -46398 
2101 
2670 
1747 1441 -1 1337 -23198 3525 -46395 1745 23199 554 -23200 1689 15467 3548 -2 1881 -23199 1751 -15467 2386 23200 1081 15467 1469 -1 1752 -23199 1113 -23199 2392 23200 1276 2 1744 -15467 1249 -4 2373 23200 1721 23199 2769 23200 812 23200 1458 -1 1177 -46398 2776 23200 2781 -1 2110 23200 2372 23200 3524 -46395 
166 179 23200 161 -1 
1933 
2194 2205 -1 2177 -1 
3154 3165 46398 3137 46398 
2957 
1962 
333 
2349 
874 
433 2372 1 1704 -1 1096 1 2386 1 2392 1 440 1 2373 1 
1896 1800 46398 722 -1 440 1 1704 -1 733 -1 443 -46398 3304 -30933 1672 15466 1992 -1 1352 15466 2392 1 1007 15466 432 -15466 727 -15466 2373 -46398 2386 1 1064 15466 909 15466 720 -15466 2372 -46398 444 1 439 -15466 
648 
2780 2781 -23200 2769 -23199 2784 -2 
390 
222 
1287 
1343 3381 30934 2113 -2 2130 -2 2129 -2 3388 -30934 3392 -15469 1151 2 31 2 1119 2 2335 2 
878 895 -46398 
2280 
3190 
882 888 -1 865 -1 
2719 
1837 
81 1091 -46398 2776 1 88 -46398 1699 46398 2781 -1 
1870 
2475 
2456 2459 46398 2433 46398 2434 46398 
442 1768 -46398 
638 
2946 
2328 2333 1 
523 
2971 2962 1 
1517 
1731 89 -46398 
190 
1983 
2879 
1886 
2598 
1812 1908 46398 1202 -1 1364 1 1853 -1 1211 -46398 1140 1 1848 1 1854 1 
731 722 1 
589 582 -1 
1446 
819 801 2 
188 179 1 
1885 1873 1 
979 700 -46396 1902 -46396 977 -3 1166 -46398 1102 3 2222 1 673 46390 961 -1 14 1 987 46396 704 46396 1806 -46396 622 3 
303 
3106 
3014 
3052 
77 931 -46398 
2432 2419 -23200 
877 
2442 
907 
3100 3073 2 
811 
409 
2083 
2030 1430 1 977 -1 989 1 1589 -1 622 1 1102 1 1621 -1 1237 -1 1022 1 895 46398 
1979 1971 -23200 1981 46398 
1366 
732 722 -2 733 -2 
2265 
3363 
2664 
2422 
2315 
831 
1606 
2458 
2867 2880 46398 2849 -46398 
3353 
2285 
611 
1832 
495 1034 -46398 
566 
2805 
1378 1991 23200 98 46398 1314 11600 1276 1 380 -23200 135 -1 356 1 36 -46398 655 1 103 -1 322 -1 357 1 130 46398 1986 -23199 1383 -1 60 23199 1297 1 1319 11600 1304 -1 1267 -1 37 -46398 
1149 1745 23200 2110 23199 2372 23199 1119 1 1854 1 2034 -46398 673 46396 2769 -23199 2392 -23200 1525 -2 1151 1 2130 -1 1752 -23200 31 -1 1906 1 700 -46398 3505 -1 3304 -1 3524 8 2373 23199 1174 -30932 2162 -1 2113 1 1881 -23199 1920 -1 704 46398 1887 1 3525 8 3548 -4 1536 -4 3484 1 1248 -2 1398 -30934 2043 -1 2776 23199 2335 -1 1824 -1 2015 -46398 1917 1 1217 -2 1573 30934 2386 23199 2278 46398 1939 -1 2171 1 1721 23200 812 -23200 1587 30932 1458 1 3475 -1 1469 1 2140 46398 2129 -1 2594 46396 1952 -2 1237 1 3388 30930 3517 1 1441 1 1821 1 1810 1 3558 -1 3381 -30930 1523 -2 1334 -46398 3392 15461 150 -30934 1147 -1 554 -23200 1152 1 118 -30934 622 -1 1572 30934 1113 -23200 
729 
2930 2939 1 
3596 
2685 2680 1 
2195 2177 2 
3503 3489 1 3517 1 3515 1 
3615 3591 -46398 
2910 
3461 3484 -11598 3475 -11601 3460 -1 
2604 
1345 1367 15466 1352 15466 1360 15466 
1631 
3357 3329 -1 3346 -1 
3389 3392 -15464 3381 30932 3387 -1 3388 -30932 
2861 
2979 
1484 
1783 2170 46390 596 -9 1178 46396 1770 -9 506 9 842 -9 1776 46398 1690 -46398 1779 -46396 1082 -46398 1792 -46390 
96 80 -30933 2147 1 87 -30933 1059 30933 92 46398 2466 -30933 1667 30933 1987 -46398 
2126 991 1 
1514 
2081 2097 -1 2098 -1 
1453 
2801 2813 -46398 2794 46398 
3270 
2834 2844 -23200 2840 -1 
3545 3525 -46395 3524 -46395 3548 -2 
2627 
3566 
3654 
30 1952 3 1182 46398 1939 23201 2049 -46398 2110 3 1493 46396 1854 -3 842 3 1150 -3 2067 -46398 2072 3 1726 -3 2066 3 
355 71 1 
1365 
264 909 46398 422 1 195 1 
510 2058 1 
752 733 -46396 673 -2 1067 -46398 768 -46398 727 -1 1675 -46398 722 -46396 720 -1 1323 1 2155 46398 1995 -46398 759 46398 764 46398 2849 -2 2880 -2 704 -2 
3539 3524 -46395 3525 -46395 3548 -1 
2841 
3412 
258 38 1 
2357 
46 962 1 
3080 
3194 842 1 1770 1 506 -1 596 1 
2549 
736 722 -46398 733 -46398 
608 577 -1 596 -1 
3019 
3450 
2221 
323 
281 1734 1 
822 
698 
3092 
3425 3451 46398 3441 -1 
3457 3475 34799 3484 -11599 
723 722 46397 733 46397 
3098 
1634 
203 
3196 3191 -15467 3184 -15467 
205 
2994 3000 46398 3004 23199 
2510 
2219 
2775 2768 -1 2784 3 2781 23201 2769 -23201 
3261 3249 1 
2387 2373 -46397 2372 -46397 
2614 2594 46398 
1239 1217 -3 1232 46398 
3272 
2837 
1224 
3077 3073 1 3076 46398 
1598 2070 1 
2290 2289 46398 2300 -23200 
1462 
551 
3470 3488 -1 3475 34800 3484 -11601 
2250 
3436 
626 635 -46398 622 1 
3616 3612 23199 3591 46398 
669 657 -46398 
2899 2908 1 
3630 
1874 1888 -46398 1873 -1 
2965 
891 865 -1 888 46398 
2494 
1930 
2027 1707 -46398 2261 1 760 46398 765 -46398 
1532 1536 -4 1523 -1 
1032 431 1 
1679 2351 -1 1651 1 1040 -46398 1984 2 1007 -1 1664 2 3489 -1 2111 -2 1971 1 3517 -1 1056 3 1047 -46398 2466 1 1999 -3 1071 46398 2159 -3 3515 -1 1052 3 
586 596 1 
